#C data file created using the SS_writedat function in the R package r4ss
#C should work with SS version: 
#C file write time: 2014-11-03 17:59:36
#
1 #_styr
100 #_endyr
1 #_nseas
12 #_months_per_seas
1 #_spawn_seas
1 #_Nfleet
2 #_Nsurveys
1 #_N_areas
Fishery%Survey%CPUE #_fleetnames
0.5 0.5 0.5 #_surveytiming_in_season
1 1 1 #_area_assignments_for_each_fishery_and_survey
1 #_units of catch:  1=bio; 2=num
0.01 #_se of log(catch) only used for init_eq_catch and for Fmethod 2 and 3
1 #_Ngenders
25 #_Nages
0 #_init_equil_catch_for_each_fishery
100 #_N_lines_of_catch_to_read
  #_Fishery year seas
          0    1    1
          0    2    1
          0    3    1
          0    4    1
          0    5    1
          0    6    1
          0    7    1
          0    8    1
          0    9    1
          0   10    1
          0   11    1
          0   12    1
          0   13    1
          0   14    1
          0   15    1
          0   16    1
          0   17    1
          0   18    1
          0   19    1
          0   20    1
          0   21    1
          0   22    1
          0   23    1
          0   24    1
          0   25    1
 1060210000   26    1
  790698000   27    1
  593792000   28    1
  446220000   29    1
  336365000   30    1
  273917000   31    1
  250256000   32    1
  242666000   33    1
  235123000   34    1
  221726000   35    1
  213777000   36    1
  211042000   37    1
  197347000   38    1
  177966000   39    1
  156357000   40    1
  142439000   41    1
  137555000   42    1
  136254000   43    1
  131416000   44    1
  123095000   45    1
  110198000   46    1
   97382300   47    1
   88168900   48    1
   80481500   49    1
   71396500   50    1
   67564000   51    1
   67031500   52    1
   64901600   53    1
   63120600   54    1
   65605700   55    1
   67699500   56    1
   66598500   57    1
   62309100   58    1
   56371200   59    1
   54685200   60    1
   55996500   61    1
   57359000   62    1
   57588600   63    1
   53625000   64    1
   50788300   65    1
   48824400   66    1
   48930900   67    1
   51782400   68    1
   54360900   69    1
   57852400   70    1
   61231800   71    1
   60499400   72    1
   57164100   73    1
   55119400   74    1
   52730500   75    1
   49908000   76    1
   49962700   77    1
   54539800   78    1
   62148800   79    1
   67092300   80    1
   68655600   81    1
   72272600   82    1
   73135900   83    1
   73866600   84    1
   78058800   85    1
   76354400   86    1
   71676900   87    1
   73163300   88    1
   83991500   89    1
   87071700   90    1
   85992400   91    1
   90443900   92    1
   94755900   93    1
   95122100   94    1
  105456000   95    1
  113072000   96    1
  108653000   97    1
  100004000   98    1
   96869000   99    1
   97854500  100    1
7 #_N_cpue
 #_Fleet Units Errtype
       1     1       0
       2     1       0
       3     1       0
 #_year seas index       obs se_log
     88    1     2 154924120    0.2
     90    1     2 378106569    0.2
     92    1     2 315630619    0.2
     94    1     2 226704290    0.2
     96    1     2 335787401    0.2
     98    1     2 305270380    0.2
    100    1     2 224913449    0.2
0 #_N_discard_fleets
#_discard_units (1=same_as_catchunits(bio/num); 2=fraction; 3=numbers)
#_discard_errtype:  >0 for DF of T-dist(read CV below); 0 for normal with CV; -1 for normal with se; -2 for lognormal
0 #_N_discard
0 #_N_meanbodywt
1 #_DF_for_meanbodywt_T-distribution_like
2 # length bin method: 1=use databins; 2=generate from binwidth,min,max below; 3=read vector
1 # binwidth for population size comp
10 # minimum size in the population (lower edge of first bin and size at age 0.00)
200 # maximum size in the population (lower edge of last bin)
-0.001 #_comp_tail_compression
1e-05 #_add_to_comp
-1 #_combine males into females at or below this bin number
21 #_N_lbins
#_lbin_vector
10 53 70 83 94 101 107 111 114 117 120 123 125 127 130 132 135 138 142 148 200
36 #_N_Length_comp_observations
 #_Yr Seas FltSvy Gender Part Nsamp         l10        l53         l70        l83          l94         l101         l107         l111         l114         l117         l120         l123         l125         l127         l130          l132          l135          l138          l142          l148          l200
   26    1      1      0    0   5.0 0.002480385 0.34281355 0.001222753 0.22511601 0.0014406696 1.277005e-01 8.105631e-05 1.094503e-08 1.620284e-03 4.585286e-02 2.324124e-04 5.773253e-10 2.436073e-04 6.157262e-04 1.250697e-02  2.556433e-04  2.378176e-01  1.599762e-15  4.853599e-10  4.149499e-15  0.000000e+00
   36    1      1      0    0   5.0 0.317903979 0.39114153 0.161515216 0.07289081 0.0565254257 2.244759e-05 6.422551e-21 1.082440e-09 1.513277e-25 1.231675e-12 2.186894e-26 3.332878e-32 2.893067e-78 1.424619e-32 5.871588e-07 1.499991e-113  9.020432e-42  1.458312e-73 1.098801e-144  1.458277e-22  0.000000e+00
   46    1      1      0    0   7.5 0.006540195 0.37693975 0.180991700 0.14593340 0.1225750773 1.383669e-05 3.559250e-02 9.646948e-02 1.244400e-08 2.008850e-02 9.136812e-08 1.643880e-17 2.095485e-11 1.485544e-02 4.486124e-50  1.004842e-84  2.023197e-16  2.547690e-22  4.444052e-52  0.000000e+00  0.000000e+00
   51    1      1      0    0  10.0 0.054127940 0.26311048 0.113624568 0.32725021 0.0317597436 1.276052e-01 8.198601e-02 3.396224e-05 1.705824e-07 2.194720e-07 9.166127e-14 1.317298e-04 3.190821e-13 4.499336e-28 5.272896e-17  3.677303e-04  1.272235e-31  2.072585e-06  6.491126e-26 3.949717e-184  0.000000e+00
   56    1      1      0    0  12.5 0.042197626 0.40432995 0.158947657 0.31874367 0.0002174784 4.639360e-02 2.253941e-07 7.379546e-05 1.981027e-14 1.587543e-11 7.674834e-14 2.635326e-36 6.677941e-33 6.814082e-04 1.010711e-35  4.469848e-03  2.282073e-53 9.472075e-136  2.394475e-02  0.000000e+00  0.000000e+00
   61    1      1      0    0  15.0 0.443301717 0.20230054 0.160170659 0.06439259 0.0607301654 6.347420e-02 1.056169e-03 2.346471e-03 1.262414e-04 2.101251e-03 2.859425e-11 2.447201e-19 2.402549e-23 1.495448e-10 4.528329e-54  1.127101e-14  4.863499e-29 6.379128e-180  8.136898e-42  7.450576e-27  0.000000e+00
   66    1      1      0    0  17.5 0.276531657 0.23589589 0.203047525 0.21364024 0.0232008416 2.883008e-02 1.430838e-02 8.120630e-08 2.490873e-06 1.517460e-09 4.272860e-03 1.280346e-17 4.277522e-19 2.699571e-04 4.050000e-37  1.097785e-18  1.601906e-10  4.536081e-25  1.979888e-12 1.973555e-122  7.982786e-97
   71    1      1      0    0  20.0 0.286672531 0.48698410 0.053298505 0.07973983 0.0551087663 1.355408e-02 3.795567e-04 4.047178e-07 2.175374e-04 9.884800e-20 2.400324e-02 3.245612e-17 3.765527e-27 1.147808e-59 6.408575e-84  1.341340e-27  1.437622e-55  4.144531e-05  2.149773e-10  2.774889e-74  0.000000e+00
   76    1      1      0    0  22.5 0.367871012 0.37051288 0.082918004 0.13620984 0.0117980321 3.167671e-03 5.848182e-04 2.336212e-02 1.518161e-03 5.257023e-06 8.804175e-05 1.002627e-08 7.736736e-13 3.257991e-05 1.931568e-03  3.400417e-12  4.239830e-11  1.412301e-21  5.102296e-28  2.265287e-97  0.000000e+00
   81    1      1      0    0  25.0 0.179347648 0.32286349 0.297528853 0.15502751 0.0368282702 8.203002e-03 5.485124e-05 3.552817e-06 1.371639e-04 5.604123e-06 5.241484e-08 1.407921e-17 1.388710e-24 1.592394e-15 8.962357e-18  9.931629e-19  3.630499e-19  2.497030e-23  3.420839e-25  7.147791e-38  0.000000e+00
   82    1      1      0    0  25.0 0.395892815 0.19093652 0.084347580 0.29912305 0.0091987757 1.593517e-04 1.108043e-03 1.815667e-02 8.679008e-04 2.531280e-08 1.494880e-07 4.537076e-08 2.763699e-27 3.933396e-10 2.090591e-04  4.101071e-25  1.137486e-80  1.418553e-20  8.673348e-09 2.807213e-126  0.000000e+00
   83    1      1      0    0  25.0 0.109958875 0.43441340 0.138779451 0.23648648 0.0193871453 1.188380e-02 2.239622e-03 2.908324e-02 1.288407e-02 9.718261e-04 4.370529e-04 2.209005e-10 5.530191e-41 2.874206e-32 2.364227e-12  3.475037e-03 6.372742e-193  1.773601e-36  3.536222e-13  4.662987e-28  0.000000e+00
   84    1      1      0    0  25.0 0.388812626 0.22217074 0.159817919 0.08645764 0.0450205571 1.522699e-02 2.728081e-02 2.499421e-02 2.491008e-04 9.897843e-04 5.774659e-03 1.614572e-13 1.192600e-05 6.595993e-05 3.589115e-18  2.312708e-02  6.934727e-40  5.528931e-22  9.126931e-34  7.756873e-65  0.000000e+00
   85    1      1      0    0  25.0 0.176286361 0.47046932 0.225763705 0.05979200 0.0090488997 3.480328e-02 3.956972e-07 1.862750e-04 7.092944e-03 2.182170e-09 2.275394e-06 1.136018e-02 1.110197e-18 2.071864e-03 3.122496e-03  1.124320e-27  7.689040e-10  1.778505e-61  2.742670e-24 1.138017e-176  0.000000e+00
   86    1      1      0    0  25.0 0.209132424 0.33433960 0.257992978 0.13065316 0.0239494274 2.540723e-03 2.887034e-02 1.191850e-02 1.160010e-05 1.148440e-04 4.763070e-04 3.349204e-13 6.479223e-11 1.982388e-17 9.535825e-08  6.150785e-33  1.108619e-33  1.998527e-31  1.098569e-19 5.258769e-169  0.000000e+00
   87    1      1      0    0  25.0 0.336432427 0.21128351 0.181573775 0.10402447 0.0488661375 7.773020e-02 5.690487e-08 8.784632e-03 7.383282e-06 3.087910e-02 1.522002e-04 1.950339e-07 7.346724e-19 2.192671e-11 5.927624e-15  2.404452e-04  2.546533e-05  1.743439e-32  3.275458e-29  2.148627e-26  0.000000e+00
   88    1      1      0    0  25.0 0.606465545 0.09022249 0.108057795 0.08171634 0.0186407950 2.642939e-02 4.500977e-03 6.829875e-07 7.667505e-06 3.652462e-02 2.544664e-02 3.601958e-09 3.862728e-06 1.985148e-10 2.851909e-09  1.012864e-06  1.915149e-03  6.704003e-05  3.256827e-47  2.373062e-41  0.000000e+00
   89    1      1      0    0  25.0 0.203953933 0.49856718 0.097737809 0.07920487 0.0333253561 2.255886e-02 3.504970e-02 1.428346e-04 6.635065e-07 1.992516e-03 1.105369e-08 2.090420e-05 2.990950e-18 9.639818e-07 8.644570e-38  1.026460e-16  1.828420e-19  2.744439e-02 5.922124e-156 3.270081e-103  0.000000e+00
   90    1      1      0    0  25.0 0.229140465 0.34157524 0.258108025 0.03423007 0.0900287572 3.930190e-02 6.819602e-04 1.553041e-04 1.786348e-11 1.069002e-03 4.982731e-08 2.814511e-03 6.717233e-32 2.894708e-03 2.118659e-11  3.923056e-14  1.616911e-37  1.202432e-36  3.230066e-49  3.262764e-09  1.190334e-59
   91    1      1      0    0  25.0 0.293495835 0.16265427 0.354309135 0.13854149 0.0018646867 2.365182e-02 2.742956e-06 6.499144e-05 2.574455e-07 1.068032e-02 1.662217e-08 1.077288e-03 1.289992e-02 6.946495e-04 6.257618e-05  2.671850e-10  3.693564e-85  1.494264e-15  2.883074e-29  7.703579e-09  6.483304e-86
   92    1      1      0    0  25.0 0.480576618 0.27726783 0.154459673 0.01888938 0.0618292452 1.899130e-04 5.962661e-11 2.813882e-03 8.211229e-07 2.625326e-10 1.166184e-04 3.723411e-03 4.974729e-16 9.093273e-10 5.824814e-34  1.325869e-04  2.510171e-08  1.870356e-17 1.456045e-164  2.748045e-97  0.000000e+00
   93    1      1      0    0  25.0 0.126090278 0.22756284 0.187554310 0.09506541 0.0752904122 2.121673e-02 2.185326e-01 1.431498e-06 7.391258e-08 1.520278e-02 3.181322e-02 4.711883e-05 1.606386e-03 1.051440e-05 4.135917e-10  5.452542e-06  6.219712e-30  4.189522e-07  4.140831e-67  3.877254e-57  0.000000e+00
   94    1      1      0    0  25.0 0.264053494 0.36177916 0.292591041 0.07679936 0.0013693715 9.966764e-04 2.335532e-04 8.529261e-04 6.446151e-07 5.389729e-12 1.608274e-09 2.149952e-06 7.349969e-11 1.321613e-03 2.759834e-13  1.476149e-14  2.753260e-43  5.893675e-31  6.391308e-22  4.510156e-59 1.122977e-300
   95    1      1      0    0  25.0 0.430828757 0.10233873 0.159450606 0.15559839 0.1100569348 7.726388e-03 1.031313e-02 2.139256e-09 5.221661e-06 1.116868e-05 3.418909e-04 1.320361e-04 1.020469e-41 2.360121e-04 1.176095e-90  9.812364e-36  1.909989e-02  7.671143e-16  3.860830e-03  6.129513e-64  0.000000e+00
   96    1      1      0    0  25.0 0.148268737 0.54348708 0.122587120 0.01691783 0.0440558472 1.658279e-03 1.121355e-01 3.520062e-03 5.334281e-08 3.939846e-07 2.957322e-19 1.458273e-13 6.790779e-09 7.293992e-03 7.514530e-05  5.076261e-27  6.768680e-80  5.377250e-27  2.100871e-34 3.918872e-126  0.000000e+00
   97    1      1      0    0  25.0 0.107608876 0.31855088 0.269018755 0.16480728 0.0775298674 4.030477e-03 3.165246e-03 9.701233e-03 2.932170e-07 1.415845e-02 2.215488e-15 9.914353e-14 3.441119e-04 3.105877e-02 2.569577e-05  6.203079e-08 1.609349e-163  2.275955e-09  2.458845e-64  2.303075e-72  0.000000e+00
   98    1      1      0    0  25.0 0.222468307 0.20594696 0.169370806 0.24334576 0.0990330358 4.261780e-03 7.491435e-03 4.730183e-02 2.905003e-04 1.372854e-06 4.619496e-04 2.686303e-06 3.270268e-15 4.400160e-29 2.357206e-05  1.927069e-13  1.779244e-51  8.151333e-12  1.754419e-56 3.259051e-149  2.504749e-93
   99    1      1      0    0  25.0 0.331010742 0.31406135 0.134756270 0.19159406 0.0120553050 1.816250e-04 3.075462e-03 5.226995e-08 1.793940e-03 1.146483e-02 1.466943e-07 4.854576e-06 7.207744e-38 3.783370e-20 1.926537e-24  3.440717e-10  1.585428e-26  1.819400e-37  1.363081e-06  3.328098e-91  0.000000e+00
  100    1      1      0    0  25.0 0.337454352 0.46521420 0.084598278 0.04132168 0.0155968020 7.211633e-03 4.658242e-03 3.322853e-03 1.959644e-02 1.277228e-04 2.089318e-02 1.349063e-26 3.595886e-25 3.263873e-07 6.698617e-09  1.336233e-28  3.516722e-26 4.318476e-129 6.609680e-104  4.274414e-06  0.000000e+00
   88    1      2      0    0 100.0 0.510000000 0.21000000 0.140000000 0.02000000 0.0400000000 3.000000e-02 2.000000e-02 0.000000e+00 1.000000e-02 0.000000e+00 0.000000e+00 0.000000e+00 1.000000e-02 1.000000e-02 0.000000e+00  0.000000e+00  0.000000e+00  0.000000e+00  0.000000e+00  0.000000e+00  0.000000e+00
   90    1      2      0    0 100.0 0.240000000 0.36000000 0.240000000 0.09000000 0.0400000000 0.000000e+00 2.000000e-02 0.000000e+00 1.000000e-02 0.000000e+00 0.000000e+00 0.000000e+00 0.000000e+00 0.000000e+00 0.000000e+00  0.000000e+00  0.000000e+00  0.000000e+00  0.000000e+00  0.000000e+00  0.000000e+00
   92    1      2      0    0 100.0 0.450000000 0.24000000 0.120000000 0.09000000 0.0700000000 1.000000e-02 1.000000e-02 0.000000e+00 0.000000e+00 0.000000e+00 1.000000e-02 0.000000e+00 0.000000e+00 0.000000e+00 0.000000e+00  0.000000e+00  0.000000e+00  0.000000e+00  0.000000e+00  0.000000e+00  0.000000e+00
   94    1      2      0    0 100.0 0.460000000 0.26000000 0.090000000 0.09000000 0.0300000000 3.000000e-02 0.000000e+00 1.000000e-02 0.000000e+00 2.000000e-02 1.000000e-02 0.000000e+00 0.000000e+00 0.000000e+00 0.000000e+00  0.000000e+00  0.000000e+00  0.000000e+00  0.000000e+00  0.000000e+00  0.000000e+00
   96    1      2      0    0 100.0 0.290000000 0.35000000 0.150000000 0.12000000 0.0200000000 3.000000e-02 0.000000e+00 1.000000e-02 1.000000e-02 1.000000e-02 0.000000e+00 0.000000e+00 1.000000e-02 0.000000e+00 0.000000e+00  0.000000e+00  0.000000e+00  0.000000e+00  0.000000e+00  0.000000e+00  0.000000e+00
   98    1      2      0    0 100.0 0.310000000 0.27000000 0.150000000 0.14000000 0.0800000000 4.000000e-02 0.000000e+00 0.000000e+00 0.000000e+00 0.000000e+00 0.000000e+00 0.000000e+00 1.000000e-02 0.000000e+00 0.000000e+00  0.000000e+00  0.000000e+00  0.000000e+00  0.000000e+00  0.000000e+00  0.000000e+00
  100    1      2      0    0 100.0 0.260000000 0.40000000 0.130000000 0.09000000 0.0500000000 3.000000e-02 0.000000e+00 2.000000e-02 0.000000e+00 1.000000e-02 0.000000e+00 1.000000e-02 0.000000e+00 0.000000e+00 0.000000e+00  0.000000e+00  0.000000e+00  0.000000e+00  0.000000e+00  0.000000e+00  0.000000e+00
25 #_N_agebins
#_agebin_vector
1 2 3 4 5 6 7 8 9 10 11 12 13 14 15 16 17 18 19 20 21 22 23 24 25
1 #_N_ageerror_definitions
 #_age0   age1   age2   age3   age4   age5   age6   age7   age8   age9  age10  age11  age12  age13  age14  age15  age16  age17  age18  age19  age20  age21  age22  age23  age24  age25
 -1.000 -1.000 -1.000 -1.000 -1.000 -1.000 -1.000 -1.000 -1.000 -1.000 -1.000 -1.000 -1.000 -1.000 -1.000 -1.000 -1.000 -1.000 -1.000 -1.000 -1.000 -1.000 -1.000 -1.000 -1.000 -1.000
  0.001  0.001  0.001  0.001  0.001  0.001  0.001  0.001  0.001  0.001  0.001  0.001  0.001  0.001  0.001  0.001  0.001  0.001  0.001  0.001  0.001  0.001  0.001  0.001  0.001  0.001
29 #_N_agecomp
1 #_Lbin_method: 1=poplenbins; 2=datalenbins; 3=lengths
0 #_combine males into females at or below this bin number
 #_Yr Seas FltSvy Gender Part Ageerr Lbin_lo Lbin_hi Nsamp           a1           a2           a3          a4           a5           a6           a7           a8            a9          a10          a11          a12          a13           a14           a15           a16           a17           a18           a19           a20           a21           a22           a23           a24           a25
   26    1      1      0    0      1      -1      -1   5.0 5.610634e-08 0.0002441473 0.5337836061 0.230448030 0.0001923685 4.009273e-02 6.190334e-02 4.020512e-04  1.306733e-01 1.057749e-06 1.744827e-03 1.764997e-12 2.601015e-10  1.170937e-07  9.083887e-14  5.142739e-04  8.459553e-19  2.230757e-25  7.502845e-08  3.052588e-21  4.986267e-39  1.347973e-16  3.615465e-23  1.291645e-58  4.825693e-08
   36    1      1      0    0      1      -1      -1   5.0 5.167834e-04 0.2459645810 0.5191178018 0.008541812 0.0291324698 3.356433e-06 3.038599e-04 3.494024e-22 4.141180e-110 1.963983e-01 1.993360e-09 5.197880e-11 1.763124e-05  3.410887e-06  5.584782e-36  9.319308e-99  3.247831e-73 4.936190e-115  1.579763e-62  0.000000e+00  0.000000e+00  1.000700e-75  0.000000e+00  2.130780e-10  2.002731e-13
   46    1      1      0    0      1      -1      -1   7.5 1.174392e-04 0.2191826223 0.1130096067 0.201279480 0.0605180407 2.753030e-02 5.035369e-02 4.152914e-04  2.163856e-01 1.112039e-01 1.120157e-12 6.842637e-15 4.047465e-06  1.910923e-54  4.689636e-11  1.156492e-33 5.688195e-290 9.698377e-219 1.130145e-164  0.000000e+00  0.000000e+00  0.000000e+00  1.453261e-34  0.000000e+00  1.622531e-28
   51    1      1      0    0      1      -1      -1  10.0 1.049423e-03 0.5709826995 0.0009629785 0.305775640 0.0070722796 2.746636e-02 2.374081e-03 8.019988e-06  1.481307e-05 7.925093e-02 3.191384e-03 1.850402e-03 9.854123e-07 3.645767e-239  1.725636e-12  9.638786e-34  2.128273e-27 7.858867e-101 7.579120e-105  0.000000e+00  0.000000e+00 3.674627e-260  0.000000e+00 3.190711e-262 4.100574e-234
   56    1      1      0    0      1      -1      -1  12.5 1.861893e-02 0.4706076349 0.2616357789 0.035127427 0.0615935458 1.427849e-01 8.660090e-03 5.301458e-06  3.410221e-07 2.147580e-13 1.999850e-22 9.660460e-04 9.240214e-89  2.029094e-30  3.142163e-08  1.745554e-13 1.269351e-106 7.340929e-141 1.591609e-123  0.000000e+00  5.622434e-50 7.993635e-119  0.000000e+00  0.000000e+00  0.000000e+00
   61    1      1      0    0      1      -1      -1  15.0 6.251294e-03 0.1455315589 0.4763453900 0.279370636 0.0041694888 2.026007e-03 3.394304e-02 9.417635e-03  4.257674e-02 1.418225e-05 5.451120e-08 3.539201e-04 8.905556e-20 5.087541e-230  2.111685e-95  2.142459e-46  4.267780e-64  3.328497e-22  5.874432e-08  3.325143e-19  8.686618e-71  0.000000e+00  0.000000e+00 1.222143e-264 1.985702e-159
   66    1      1      0    0      1      -1      -1  17.5 1.486053e-01 0.0898269148 0.2902525335 0.270085870 0.0094764429 1.221927e-01 6.000308e-02 1.521859e-04  2.049293e-03 1.036710e-07 2.582073e-08 4.435197e-04 6.912044e-03  2.861708e-77  2.303694e-49  2.643070e-27  8.529397e-17  3.035430e-40 5.660010e-158  0.000000e+00  0.000000e+00 3.008790e-222  4.728818e-39 3.616084e-148 7.661280e-104
   71    1      1      0    0      1      -1      -1  20.0 1.679857e-04 0.2369805215 0.4479549509 0.132324848 0.1288829908 4.776403e-02 4.816271e-03 1.401601e-05  1.004302e-05 1.565312e-14 3.450241e-04 7.361486e-04 2.068367e-22  4.491101e-26  2.856383e-06  1.289821e-47  3.108175e-07 3.736761e-254  1.347753e-92  0.000000e+00 1.276484e-227  0.000000e+00  0.000000e+00  1.919701e-75  2.980521e-86
   76    1      1      0    0      1      -1      -1  22.5 3.992422e-03 0.3622640510 0.1551558592 0.194758898 0.1825575359 3.099522e-02 2.059711e-02 3.214264e-02  1.444933e-02 2.683000e-03 3.862056e-04 1.145606e-06 5.019023e-28  1.658859e-05  7.824386e-43  2.094257e-22  3.252119e-18 4.782377e-127  0.000000e+00  0.000000e+00  0.000000e+00 9.074846e-213  0.000000e+00 2.972213e-135  6.084500e-29
   81    1      1      0    0      1      -1      -1  25.0 1.301763e-01 0.2207975739 0.1680915755 0.236933303 0.1425402693 6.402657e-03 8.284060e-02 3.339158e-03  4.011423e-03 1.372251e-07 3.791003e-03 1.064966e-03 1.104912e-05  2.375000e-38  8.386553e-09  2.390715e-10  0.000000e+00  0.000000e+00  0.000000e+00 1.891332e-175  0.000000e+00  0.000000e+00 7.837667e-151  0.000000e+00  0.000000e+00
   82    1      1      0    0      1      -1      -1  25.0 3.970797e-04 0.3574268503 0.1901064257 0.047390418 0.2107639432 1.003963e-01 8.307471e-03 4.987140e-03  7.975273e-02 1.978521e-05 2.670337e-04 2.936943e-10 1.313013e-04  2.023982e-10 2.391001e-136  1.099470e-20  5.355461e-05  5.108370e-87  3.881411e-14 2.506856e-162  0.000000e+00  0.000000e+00  0.000000e+00  0.000000e+00  0.000000e+00
   83    1      1      0    0      1      -1      -1  25.0 2.770674e-02 0.0949547968 0.4894610634 0.168672497 0.0118716866 7.344193e-02 5.302710e-02 4.550318e-02  3.312841e-02 6.222672e-10 1.078011e-04 2.124764e-03 1.522353e-21  2.897344e-08  3.377928e-82  2.387079e-09  2.316530e-26  2.489558e-87 4.819749e-199  3.259981e-11 2.623928e-294 3.204776e-125  0.000000e+00 1.538313e-160  0.000000e+00
   84    1      1      0    0      1      -1      -1  25.0 1.341968e-02 0.4512811194 0.1822107821 0.128424155 0.1517736805 1.964856e-03 5.945775e-02 4.843502e-03  1.275827e-04 4.378704e-08 6.429766e-03 1.672886e-22 1.327676e-37  3.481278e-05  4.567812e-21  9.981197e-12 9.801704e-194  1.075258e-52 2.300676e-154 8.181027e-150 2.615009e-143  3.226301e-05  1.531663e-17  0.000000e+00 1.034186e-129
   85    1      1      0    0      1      -1      -1  25.0 7.614370e-02 0.1428844340 0.4440763171 0.081242106 0.1433160374 8.796229e-03 6.766669e-02 3.198356e-02  3.869453e-03 7.088925e-10 3.952421e-07 4.688679e-66 1.183674e-05  3.022948e-86  2.440661e-08  6.387930e-30 3.439907e-136  9.218616e-06  8.741896e-42  0.000000e+00  0.000000e+00 6.453121e-269  0.000000e+00  0.000000e+00 7.842725e-184
   86    1      1      0    0      1      -1      -1  25.0 3.540496e-04 0.2266347545 0.2045188873 0.161349493 0.2163057926 1.125867e-01 4.271242e-02 1.129688e-02  2.351598e-02 6.205483e-04 3.541395e-08 1.044927e-04 8.635637e-14  2.923672e-11  2.836382e-73  3.816877e-57 8.023797e-200  7.788600e-40  1.487074e-99  0.000000e+00  0.000000e+00  0.000000e+00  0.000000e+00  0.000000e+00 1.912845e-224
   87    1      1      0    0      1      -1      -1  25.0 1.353594e-01 0.0654023157 0.4055370909 0.052425322 0.0948195005 1.872576e-01 9.247050e-03 9.046410e-03  1.841805e-03 1.369580e-02 2.575902e-05 3.169346e-08 1.328573e-09  1.084035e-02  1.450134e-02  2.586808e-73  2.200972e-07 8.236742e-161 4.889121e-195 1.580589e-218  0.000000e+00  0.000000e+00  0.000000e+00  0.000000e+00  0.000000e+00
   88    1      1      0    0      1      -1      -1  25.0 5.371764e-02 0.4787398351 0.1127334519 0.031944216 0.1156197749 1.421360e-01 1.111095e-05 1.122565e-02  7.248861e-09 4.762367e-02 5.881678e-03 3.953189e-12 3.669179e-04  7.780828e-48  4.272288e-31  1.814768e-26  3.477376e-52  0.000000e+00  4.096969e-48 1.305245e-292  0.000000e+00  0.000000e+00  0.000000e+00  0.000000e+00  0.000000e+00
   89    1      1      0    0      1      -1      -1  25.0 1.131043e-02 0.1457799065 0.5004655706 0.070357426 0.1881742164 2.600944e-02 2.075195e-02 6.948242e-04  1.520891e-03 3.481493e-02 7.355936e-05 4.684755e-05 8.409127e-19  1.211396e-21  8.476556e-47  6.825636e-21 6.181156e-103  2.143443e-98  0.000000e+00  0.000000e+00  0.000000e+00  0.000000e+00  0.000000e+00 2.551140e-305  2.598296e-74
   90    1      1      0    0      1      -1      -1  25.0 1.868389e-02 0.1623216544 0.3946070547 0.306829949 0.0100111910 3.201159e-03 1.491422e-02 3.670521e-02  4.955167e-02 1.954241e-03 1.439585e-07 1.689202e-05 1.167534e-24  1.265580e-19  2.548968e-04  9.478222e-04  1.173382e-19  0.000000e+00  0.000000e+00  0.000000e+00  0.000000e+00 3.530023e-293  0.000000e+00  0.000000e+00 8.583128e-269
   91    1      1      0    0      1      -1      -1  25.0 2.591183e-02 0.3419150788 0.1550420868 0.117234834 0.3427125206 6.466537e-03 4.857176e-03 2.875175e-03  2.948050e-03 7.607561e-17 1.057020e-06 3.565108e-05 2.637531e-14  2.291111e-34  3.223718e-09  3.304332e-37 2.072542e-179 3.133226e-235  1.380088e-82  3.274879e-72  0.000000e+00 1.474899e-115  8.667780e-94 1.359430e-225  0.000000e+00
   92    1      1      0    0      1      -1      -1  25.0 8.303406e-04 0.6632132166 0.1125488851 0.074564080 0.0816389531 3.182662e-02 3.359546e-03 6.387839e-07  3.561438e-03 1.165864e-02 1.679108e-02 2.816351e-06 3.392264e-20  6.966313e-68  2.157584e-17  2.424674e-06  1.618125e-77  0.000000e+00 7.822979e-186  0.000000e+00  0.000000e+00  0.000000e+00  1.324004e-06  0.000000e+00  0.000000e+00
   93    1      1      0    0      1      -1      -1  25.0 1.082333e-02 0.0549577184 0.5642585994 0.151859840 0.1143832754 4.481633e-02 1.241511e-02 1.885914e-03  2.206649e-03 4.236484e-02 2.839992e-05 9.075751e-18 2.841718e-11  2.163176e-13  4.687390e-35 3.885302e-203  1.437253e-12 7.144872e-139 5.655599e-211  3.619740e-50 2.469161e-305  0.000000e+00  0.000000e+00  0.000000e+00  1.202301e-26
   94    1      1      0    0      1      -1      -1  25.0 8.801504e-02 0.3758797543 0.0683944803 0.128949386 0.1976626843 1.119049e-01 1.077863e-02 2.844169e-03  1.552284e-02 2.534574e-05 1.942863e-08 2.245881e-05 1.421755e-10  1.142492e-20  2.874760e-07  1.224720e-36 1.612487e-119  0.000000e+00  0.000000e+00 4.926457e-141  0.000000e+00  0.000000e+00  0.000000e+00  0.000000e+00  0.000000e+00
   95    1      1      0    0      1      -1      -1  25.0 3.308779e-03 0.3022909334 0.3043095368 0.063817237 0.1344665451 3.625244e-03 3.798952e-02 7.915904e-05  1.047372e-01 1.422019e-16 6.659234e-07 8.881071e-08 9.180868e-08 2.892675e-107  4.498084e-04  8.559543e-93  1.006517e-66 5.975151e-138  9.607473e-76 1.956714e-158  0.000000e+00  0.000000e+00 1.112175e-183  4.468990e-02  2.352428e-04
   96    1      1      0    0      1      -1      -1  25.0 1.756928e-02 0.0875973359 0.5262447153 0.203261975 0.0834218707 5.509482e-02 1.816789e-02 5.051208e-03  1.550277e-05 2.096684e-03 4.860104e-04 5.342199e-10 2.055162e-09  9.926952e-04 5.572753e-119  4.279774e-14 1.009169e-221 7.672278e-118 3.416300e-195 3.990020e-239 1.208988e-252  0.000000e+00  0.000000e+00  4.374936e-69 2.525426e-232
   97    1      1      0    0      1      -1      -1  25.0 1.361340e-02 0.0588774594 0.3320531050 0.302959286 0.2433436596 1.198304e-02 1.056673e-02 8.495974e-04  8.056466e-03 3.490297e-07 1.769690e-02 1.192709e-09 1.612163e-09  5.027400e-22  4.659358e-12  1.291170e-18  0.000000e+00  2.809849e-79  0.000000e+00  0.000000e+00  0.000000e+00  3.554029e-79 5.138283e-322  0.000000e+00  1.878014e-89
   98    1      1      0    0      1      -1      -1  25.0 9.504026e-02 0.1198896126 0.1799708724 0.167203729 0.1855586869 1.238390e-01 5.903096e-02 2.194657e-02  4.746827e-02 8.656213e-08 4.507094e-05 2.198407e-08 3.629376e-24  4.080002e-16  7.986578e-19  3.188883e-40 4.668557e-195 4.738126e-109 4.113776e-158  0.000000e+00  0.000000e+00  4.277032e-14  0.000000e+00  6.863977e-06  0.000000e+00
   99    1      1      0    0      1      -1      -1  25.0 1.160879e-01 0.3848506902 0.1347739161 0.122283054 0.0734423008 1.224618e-01 4.147758e-02 2.752373e-04  3.448896e-03 8.607256e-04 7.006343e-07 3.296802e-07 3.688832e-05  1.664033e-25  6.153835e-53  1.877606e-20  1.684153e-87  0.000000e+00  4.887553e-18  0.000000e+00  0.000000e+00 3.030385e-277  0.000000e+00  0.000000e+00  0.000000e+00
  100    1      1      0    0      1      -1      -1  25.0 2.560755e-03 0.4267811661 0.3793043840 0.053194085 0.0250851655 1.485764e-02 2.432015e-02 6.257005e-02  3.140665e-03 6.438079e-03 1.550673e-03 1.396246e-04 3.825063e-18  1.989081e-08  2.467367e-36  2.663125e-34  5.753593e-05  4.680248e-68  0.000000e+00  1.941387e-99  0.000000e+00  0.000000e+00  0.000000e+00  0.000000e+00  0.000000e+00
0 #_N_MeanSize_at_Age_obs
0 #_N_environ_variables
0 #_N_environ_obs
0 #_N_sizefreq_methods
0 #_do_tags
0 #_morphcomp_data
#
999
