1 #_styr
100 #_endyr
1 #_nseas
 12 #_months/season
1 #_spawn_seas
1 #_Nfleet
2 #_Nsurveys
1 #_N_areas
Fishery%Survey%CPUE
 0.5 0.5 0.5 #_surveytiming_in_season
 1 1 1 #_area_assignments_for_each_fishery_and_survey
 1 #_units of catch:  1=bio; 2=num
 0.01 #_se of log(catch) only used for init_eq_catch and for Fmethod 2 and 3; use -1 for discard only fleets
1 #_Ngenders
25 #_Nages
 0 #_init_equil_catch_for_each_fishery
100 #_N_lines_of_catch_to_read
#_catch_biomass(mtons):_columns_are_fisheries,year,season
0 1 1
0 2 1
0 3 1
0 4 1
0 5 1
0 6 1
0 7 1
0 8 1
0 9 1
0 10 1
0 11 1
0 12 1
0 13 1
0 14 1
0 15 1
0 16 1
0 17 1
0 18 1
0 19 1
0 20 1
0 21 1
0 22 1
0 23 1
0 24 1
0 25 1
1.1457e+009 26 1
8.46973e+008 27 1
6.37372e+008 28 1
4.85226e+008 29 1
4.0146e+008 30 1
3.57443e+008 31 1
3.04281e+008 32 1
2.61523e+008 33 1
2.34207e+008 34 1
2.15535e+008 35 1
1.94728e+008 36 1
1.81107e+008 37 1
1.68967e+008 38 1
1.56189e+008 39 1
1.43138e+008 40 1
1.32496e+008 41 1
1.29657e+008 42 1
1.26724e+008 43 1
1.19065e+008 44 1
1.18098e+008 45 1
1.18306e+008 46 1
1.15236e+008 47 1
1.0867e+008 48 1
1.04623e+008 49 1
1.03913e+008 50 1
1.08919e+008 51 1
1.15368e+008 52 1
1.13857e+008 53 1
1.14713e+008 54 1
1.15101e+008 55 1
1.1147e+008 56 1
1.0879e+008 57 1
1.10031e+008 58 1
1.12535e+008 59 1
1.10131e+008 60 1
1.07836e+008 61 1
1.04777e+008 62 1
1.01384e+008 63 1
1.01475e+008 64 1
9.52813e+007 65 1
8.33315e+007 66 1
7.63274e+007 67 1
7.65446e+007 68 1
7.92515e+007 69 1
8.06555e+007 70 1
7.89098e+007 71 1
8.049e+007 72 1
8.15834e+007 73 1
8.54533e+007 74 1
8.82971e+007 75 1
8.65471e+007 76 1
8.2785e+007 77 1
8.22752e+007 78 1
8.33184e+007 79 1
7.98284e+007 80 1
7.46913e+007 81 1
6.99985e+007 82 1
6.40524e+007 83 1
6.33663e+007 84 1
6.84259e+007 85 1
6.94504e+007 86 1
6.66845e+007 87 1
6.49326e+007 88 1
6.6064e+007 89 1
6.82026e+007 90 1
7.33246e+007 91 1
7.33965e+007 92 1
7.20313e+007 93 1
7.35367e+007 94 1
7.31187e+007 95 1
7.21036e+007 96 1
7.13078e+007 97 1
6.92478e+007 98 1
6.75028e+007 99 1
6.90616e+007 100 1
#
150 #_N_cpue_and_surveyabundance_observations
#_Units:  0=numbers; 1=biomass; 2=F
#_Errtype:  -1=normal; 0=lognormal; >0=T
#_Fleet Units Errtype
1 1 0
2 1 0
3 1 0
#_year seas index obs err
26 1 2 3.63001e+009 0.2 #_orig_obs: 1 Survey
27 1 2 2.69427e+009 0.2 #_orig_obs: 1 Survey
28 1 2 2.02448e+009 0.2 #_orig_obs: 1 Survey
29 1 2 1.54943e+009 0.2 #_orig_obs: 1 Survey
30 1 2 1.31035e+009 0.2 #_orig_obs: 1 Survey
31 1 2 1.13895e+009 0.2 #_orig_obs: 1 Survey
32 1 2 9.73581e+008 0.2 #_orig_obs: 1 Survey
33 1 2 8.39909e+008 0.2 #_orig_obs: 1 Survey
34 1 2 7.6104e+008 0.2 #_orig_obs: 1 Survey
35 1 2 6.90638e+008 0.2 #_orig_obs: 1 Survey
36 1 2 6.29574e+008 0.2 #_orig_obs: 1 Survey
37 1 2 5.85516e+008 0.2 #_orig_obs: 1 Survey
38 1 2 5.4487e+008 0.2 #_orig_obs: 1 Survey
39 1 2 5.0299e+008 0.2 #_orig_obs: 1 Survey
40 1 2 4.61042e+008 0.2 #_orig_obs: 1 Survey
41 1 2 4.29795e+008 0.2 #_orig_obs: 1 Survey
42 1 2 4.24687e+008 0.2 #_orig_obs: 1 Survey
43 1 2 4.05544e+008 0.2 #_orig_obs: 1 Survey
44 1 2 3.87962e+008 0.2 #_orig_obs: 1 Survey
45 1 2 3.85178e+008 0.2 #_orig_obs: 1 Survey
46 1 2 3.84223e+008 0.2 #_orig_obs: 1 Survey
47 1 2 3.71023e+008 0.2 #_orig_obs: 1 Survey
48 1 2 3.51187e+008 0.2 #_orig_obs: 1 Survey
49 1 2 3.41136e+008 0.2 #_orig_obs: 1 Survey
50 1 2 3.38638e+008 0.2 #_orig_obs: 1 Survey
51 1 2 3.60822e+008 0.2 #_orig_obs: 1 Survey
52 1 2 3.72051e+008 0.2 #_orig_obs: 1 Survey
53 1 2 3.69768e+008 0.2 #_orig_obs: 1 Survey
54 1 2 3.7498e+008 0.2 #_orig_obs: 1 Survey
55 1 2 3.71692e+008 0.2 #_orig_obs: 1 Survey
56 1 2 3.61233e+008 0.2 #_orig_obs: 1 Survey
57 1 2 3.53889e+008 0.2 #_orig_obs: 1 Survey
58 1 2 3.60986e+008 0.2 #_orig_obs: 1 Survey
59 1 2 3.64326e+008 0.2 #_orig_obs: 1 Survey
60 1 2 3.56128e+008 0.2 #_orig_obs: 1 Survey
61 1 2 3.51098e+008 0.2 #_orig_obs: 1 Survey
62 1 2 3.37255e+008 0.2 #_orig_obs: 1 Survey
63 1 2 3.31826e+008 0.2 #_orig_obs: 1 Survey
64 1 2 3.28296e+008 0.2 #_orig_obs: 1 Survey
65 1 2 3.03562e+008 0.2 #_orig_obs: 1 Survey
66 1 2 2.66599e+008 0.2 #_orig_obs: 1 Survey
67 1 2 2.50959e+008 0.2 #_orig_obs: 1 Survey
68 1 2 2.49656e+008 0.2 #_orig_obs: 1 Survey
69 1 2 2.60755e+008 0.2 #_orig_obs: 1 Survey
70 1 2 2.58568e+008 0.2 #_orig_obs: 1 Survey
71 1 2 2.58872e+008 0.2 #_orig_obs: 1 Survey
72 1 2 2.61374e+008 0.2 #_orig_obs: 1 Survey
73 1 2 2.67189e+008 0.2 #_orig_obs: 1 Survey
74 1 2 2.79954e+008 0.2 #_orig_obs: 1 Survey
75 1 2 2.86088e+008 0.2 #_orig_obs: 1 Survey
76 1 2 2.78933e+008 0.2 #_orig_obs: 1 Survey
77 1 2 2.68504e+008 0.2 #_orig_obs: 1 Survey
78 1 2 2.69803e+008 0.2 #_orig_obs: 1 Survey
79 1 2 2.69459e+008 0.2 #_orig_obs: 1 Survey
80 1 2 2.56479e+008 0.2 #_orig_obs: 1 Survey
81 1 2 2.41674e+008 0.2 #_orig_obs: 1 Survey
82 1 2 2.25281e+008 0.2 #_orig_obs: 1 Survey
83 1 2 2.06477e+008 0.2 #_orig_obs: 1 Survey
84 1 2 2.11085e+008 0.2 #_orig_obs: 1 Survey
85 1 2 2.22851e+008 0.2 #_orig_obs: 1 Survey
86 1 2 2.24392e+008 0.2 #_orig_obs: 1 Survey
87 1 2 2.144e+008 0.2 #_orig_obs: 1 Survey
88 1 2 2.13521e+008 0.2 #_orig_obs: 1 Survey
89 1 2 2.14284e+008 0.2 #_orig_obs: 1 Survey
90 1 2 2.25529e+008 0.2 #_orig_obs: 1 Survey
91 1 2 2.388e+008 0.2 #_orig_obs: 1 Survey
92 1 2 2.35945e+008 0.2 #_orig_obs: 1 Survey
93 1 2 2.36063e+008 0.2 #_orig_obs: 1 Survey
94 1 2 2.39117e+008 0.2 #_orig_obs: 1 Survey
95 1 2 2.36816e+008 0.2 #_orig_obs: 1 Survey
96 1 2 2.34595e+008 0.2 #_orig_obs: 1 Survey
97 1 2 2.31043e+008 0.2 #_orig_obs: 1 Survey
98 1 2 2.24095e+008 0.2 #_orig_obs: 1 Survey
99 1 2 2.19983e+008 0.2 #_orig_obs: 1 Survey
100 1 2 2.27423e+008 0.2 #_orig_obs: 1 Survey
26 1 3 3.60909e+009 0.4 #_orig_obs: 1 CPUE
27 1 3 2.6682e+009 0.4 #_orig_obs: 1 CPUE
28 1 3 2.00786e+009 0.4 #_orig_obs: 1 CPUE
29 1 3 1.52864e+009 0.4 #_orig_obs: 1 CPUE
30 1 3 1.26509e+009 0.4 #_orig_obs: 1 CPUE
31 1 3 1.12606e+009 0.4 #_orig_obs: 1 CPUE
32 1 3 9.58626e+008 0.4 #_orig_obs: 1 CPUE
33 1 3 8.23949e+008 0.4 #_orig_obs: 1 CPUE
34 1 3 7.37996e+008 0.4 #_orig_obs: 1 CPUE
35 1 3 6.79043e+008 0.4 #_orig_obs: 1 CPUE
36 1 3 6.13556e+008 0.4 #_orig_obs: 1 CPUE
37 1 3 5.70638e+008 0.4 #_orig_obs: 1 CPUE
38 1 3 5.32373e+008 0.4 #_orig_obs: 1 CPUE
39 1 3 4.92104e+008 0.4 #_orig_obs: 1 CPUE
40 1 3 4.50985e+008 0.4 #_orig_obs: 1 CPUE
41 1 3 4.17487e+008 0.4 #_orig_obs: 1 CPUE
42 1 3 4.08593e+008 0.4 #_orig_obs: 1 CPUE
43 1 3 3.99238e+008 0.4 #_orig_obs: 1 CPUE
44 1 3 3.75186e+008 0.4 #_orig_obs: 1 CPUE
45 1 3 3.72145e+008 0.4 #_orig_obs: 1 CPUE
46 1 3 3.72785e+008 0.4 #_orig_obs: 1 CPUE
47 1 3 3.63074e+008 0.4 #_orig_obs: 1 CPUE
48 1 3 3.42399e+008 0.4 #_orig_obs: 1 CPUE
49 1 3 3.29683e+008 0.4 #_orig_obs: 1 CPUE
50 1 3 3.27437e+008 0.4 #_orig_obs: 1 CPUE
51 1 3 3.43286e+008 0.4 #_orig_obs: 1 CPUE
52 1 3 3.63494e+008 0.4 #_orig_obs: 1 CPUE
53 1 3 3.58763e+008 0.4 #_orig_obs: 1 CPUE
54 1 3 3.61491e+008 0.4 #_orig_obs: 1 CPUE
55 1 3 3.6266e+008 0.4 #_orig_obs: 1 CPUE
56 1 3 3.51233e+008 0.4 #_orig_obs: 1 CPUE
57 1 3 3.42799e+008 0.4 #_orig_obs: 1 CPUE
58 1 3 3.46748e+008 0.4 #_orig_obs: 1 CPUE
59 1 3 3.54584e+008 0.4 #_orig_obs: 1 CPUE
60 1 3 3.47003e+008 0.4 #_orig_obs: 1 CPUE
61 1 3 3.39802e+008 0.4 #_orig_obs: 1 CPUE
62 1 3 3.30116e+008 0.4 #_orig_obs: 1 CPUE
63 1 3 3.19492e+008 0.4 #_orig_obs: 1 CPUE
64 1 3 3.19737e+008 0.4 #_orig_obs: 1 CPUE
65 1 3 3.00167e+008 0.4 #_orig_obs: 1 CPUE
66 1 3 2.62529e+008 0.4 #_orig_obs: 1 CPUE
67 1 3 2.40542e+008 0.4 #_orig_obs: 1 CPUE
68 1 3 2.41202e+008 0.4 #_orig_obs: 1 CPUE
69 1 3 2.49762e+008 0.4 #_orig_obs: 1 CPUE
70 1 3 2.54105e+008 0.4 #_orig_obs: 1 CPUE
71 1 3 2.48675e+008 0.4 #_orig_obs: 1 CPUE
72 1 3 2.53622e+008 0.4 #_orig_obs: 1 CPUE
73 1 3 2.57093e+008 0.4 #_orig_obs: 1 CPUE
74 1 3 2.69291e+008 0.4 #_orig_obs: 1 CPUE
75 1 3 2.78218e+008 0.4 #_orig_obs: 1 CPUE
76 1 3 2.72685e+008 0.4 #_orig_obs: 1 CPUE
77 1 3 2.60849e+008 0.4 #_orig_obs: 1 CPUE
78 1 3 2.59279e+008 0.4 #_orig_obs: 1 CPUE
79 1 3 2.62525e+008 0.4 #_orig_obs: 1 CPUE
80 1 3 2.51508e+008 0.4 #_orig_obs: 1 CPUE
81 1 3 2.35343e+008 0.4 #_orig_obs: 1 CPUE
82 1 3 2.20543e+008 0.4 #_orig_obs: 1 CPUE
83 1 3 2.01808e+008 0.4 #_orig_obs: 1 CPUE
84 1 3 1.99727e+008 0.4 #_orig_obs: 1 CPUE
85 1 3 2.15617e+008 0.4 #_orig_obs: 1 CPUE
86 1 3 2.18826e+008 0.4 #_orig_obs: 1 CPUE
87 1 3 2.10096e+008 0.4 #_orig_obs: 1 CPUE
88 1 3 2.04633e+008 0.4 #_orig_obs: 1 CPUE
89 1 3 2.08162e+008 0.4 #_orig_obs: 1 CPUE
90 1 3 2.14952e+008 0.4 #_orig_obs: 1 CPUE
91 1 3 2.31055e+008 0.4 #_orig_obs: 1 CPUE
92 1 3 2.31243e+008 0.4 #_orig_obs: 1 CPUE
93 1 3 2.26995e+008 0.4 #_orig_obs: 1 CPUE
94 1 3 2.31718e+008 0.4 #_orig_obs: 1 CPUE
95 1 3 2.30389e+008 0.4 #_orig_obs: 1 CPUE
96 1 3 2.27203e+008 0.4 #_orig_obs: 1 CPUE
97 1 3 2.24685e+008 0.4 #_orig_obs: 1 CPUE
98 1 3 2.1819e+008 0.4 #_orig_obs: 1 CPUE
99 1 3 2.12708e+008 0.4 #_orig_obs: 1 CPUE
100 1 3 2.17646e+008 0.4 #_orig_obs: 1 CPUE

0 #_N_fleets_with_discard
#_discard_units (1=same_as_catchunits(bio/num); 2=fraction; 3=numbers)
#_discard_errtype:  >0 for DF of T-dist(read CV below); 0 for normal with CV; -1 for normal with se; -2 for lognormal
#Fleet Disc_units err_type
0 #N discard obs
#_year seas index obs err
#
0 #_N_meanbodywt_obs
1 #_DF_for_meanbodywt_T-distribution_like

2 # length bin method: 1=use databins; 2=generate from binwidth,min,max below; 3=read vector
1 # binwidth for population size comp 
10 # minimum size in the population (lower edge of first bin and size at age 0.00) 
200 # maximum size in the population (lower edge of last bin) 

-0.001 #_comp_tail_compression
1e-005 #_add_to_comp
0 #_combine males into females at or below this bin number
21 #_N_LengthBins
 10 53 70 83 94 101 107 111 114 117 120 123 125 127 130 132 135 138 142 148 200
150 #_N_Length_obs
#Yr Seas Flt/Svy Gender Part Nsamp datavector(female-male)
 26 1 1 0 0 100  10.3807 22.6286 15.0278 11.1358 7.15205 6.26832 4.17684 3.07162 2.96851 2.81631 2.61553 1.61037 1.49024 1.99114 1.15768 1.478 1.1785 1.15018 1.00993 0.690923 0.000999978
 27 1 1 0 0 100  15.4093 17.6894 16.9248 11.9968 6.79737 5.77243 3.82596 2.82063 2.73645 2.60635 2.42831 1.49807 1.38788 1.85624 1.08021 1.38032 1.10218 1.07816 0.950896 0.657199 0.000999972
 28 1 1 0 0 100  13.2439 22.8839 15.3195 12.5409 7.10631 5.56019 3.54706 2.58391 2.497 2.37713 2.21781 1.3707 1.27186 1.70421 0.9935 1.27143 1.01698 0.996761 0.881838 0.614106 0.000999965
 29 1 1 0 0 100  19.9548 19.8558 16.214 11.5292 6.68062 5.29359 3.26562 2.31336 2.19429 2.06333 1.91185 1.17841 1.09261 1.46423 0.854393 1.09473 0.877156 0.861445 0.764271 0.535313 0.000999947
 30 1 1 0 0 100  35.199 22.9887 11.3731 8.50179 4.72022 3.65751 2.25025 1.58111 1.4812 1.3728 1.25497 0.766538 0.706809 0.942574 0.548504 0.701757 0.562193 0.552588 0.491349 0.346019 0.000999895
 31 1 1 0 0 100  13.2571 42.6284 17.4085 7.79141 4.25378 3.26071 1.96675 1.36456 1.26621 1.16255 1.05238 0.637499 0.584071 0.773226 0.447219 0.569419 0.454374 0.445491 0.395814 0.279555 0.000999877
 32 1 1 0 0 100  17.0244 23.2843 27.7511 13.0903 4.65124 3.29678 1.95549 1.34288 1.23357 1.12054 1.00368 0.602875 0.548847 0.721251 0.414333 0.524404 0.415917 0.405598 0.358692 0.252887 0.000999871
 33 1 1 0 0 100  21.114 23.5115 18.569 16.3767 6.83106 3.77401 1.9248 1.2525 1.12211 1.00316 0.887728 0.528505 0.477934 0.623096 0.355321 0.446666 0.351726 0.340608 0.299023 0.209489 0.000999858
 34 1 1 0 0 100  28.6208 25.8378 14.7909 11.4017 6.52306 4.22647 2.05599 1.22101 1.01048 0.847231 0.716446 0.415542 0.370239 0.476041 0.268626 0.334756 0.261354 0.250961 0.218256 0.1513 0.000999839
 35 1 1 0 0 100  17.4721 35.6749 18.296 10.0894 5.54753 4.09436 2.22307 1.37024 1.12747 0.913153 0.733668 0.406407 0.3501 0.434474 0.238194 0.290613 0.222687 0.210657 0.180638 0.123294 0.000999829
 36 1 1 0 0 100  24.3905 24.9774 21.5692 11.8523 5.08691 3.61838 2.04663 1.32087 1.12718 0.935418 0.75643 0.415235 0.352083 0.425384 0.226024 0.267427 0.198143 0.181731 0.151278 0.100438 0.000999821
 37 1 1 0 0 100  23.8294 29.8754 17.3605 12.2514 5.55493 3.45096 1.82717 1.16811 1.00614 0.849663 0.700053 0.389153 0.331819 0.400954 0.211568 0.246822 0.178682 0.158917 0.127012 0.0803211 0.000999814
 38 1 1 0 0 100  21.7159 30.694 19.385 11.3667 5.60192 3.70884 1.90431 1.16815 0.97632 0.809027 0.661663 0.367965 0.314671 0.381882 0.202197 0.235914 0.169955 0.149184 0.115933 0.0693752 0.000999808
 39 1 1 0 0 100  20.9181 29.1157 20.4518 12.406 5.64145 3.74839 1.98368 1.23 1.02386 0.837048 0.672625 0.368749 0.312416 0.375978 0.197959 0.230238 0.165406 0.144567 0.11104 0.0639505 0.000999805
 40 1 1 0 0 100  21.493 27.974 19.7602 12.9777 6.03746 3.89577 2.02809 1.25651 1.04951 0.860658 0.691415 0.377669 0.31837 0.380124 0.198351 0.228742 0.162822 0.141072 0.107225 0.0602749 0.000999802
 41 1 1 0 0 100  26.6828 26.8504 17.6229 11.7877 5.76202 3.79303 1.96753 1.20902 1.0029 0.818216 0.655159 0.357177 0.300629 0.358014 0.186162 0.213659 0.151037 0.129691 0.0973455 0.0535768 0.000999799
 42 1 1 0 0 100  30.7301 29.8632 15.4815 9.53274 4.73744 3.20504 1.69247 1.04664 0.869106 0.707622 0.564428 0.306585 0.257269 0.305222 0.158201 0.180901 0.127335 0.108706 0.0808428 0.0437044 0.000999796
 43 1 1 0 0 100  15.5406 38.6374 20.8966 10.2772 4.74714 3.22176 1.72617 1.07951 0.903734 0.740172 0.592312 0.321967 0.270023 0.319793 0.165288 0.188411 0.13204 0.112125 0.0827264 0.044011 0.000999796
 44 1 1 0 0 100  28.6876 22.5646 21.955 12.5196 4.85707 3.07966 1.62141 1.01447 0.853329 0.703333 0.566421 0.309336 0.260172 0.308843 0.159835 0.182169 0.127491 0.107935 0.0791784 0.0416081 0.000999795
 45 1 1 0 0 100  28.1279 31.548 15.2722 11.2254 5.19143 3.03024 1.48512 0.899613 0.744947 0.609475 0.490025 0.268019 0.225906 0.268945 0.139672 0.159556 0.111925 0.0948428 0.0694965 0.0362857 0.000999794
 46 1 1 0 0 100  24.7255 33.48 18.7879 9.59547 4.70626 3.13558 1.56614 0.925401 0.743693 0.591424 0.465073 0.251074 0.210202 0.249028 0.129074 0.147415 0.103543 0.0879105 0.0645496 0.0336758 0.000999793
 47 1 1 0 0 100  19.5503 32.5232 22.0532 11.854 4.87346 3.14312 1.64723 1.0095 0.825738 0.658472 0.512937 0.273167 0.225958 0.263946 0.135066 0.152849 0.106528 0.0900254 0.0659706 0.034406 0.000999793
 48 1 1 0 0 100  23.1903 26.6439 21.171 13.5645 5.72056 3.43617 1.7144 1.03994 0.855405 0.690475 0.544531 0.29204 0.242092 0.282371 0.143694 0.161352 0.111229 0.0929086 0.0672758 0.0347781 0.000999793
 49 1 1 0 0 100  28.7926 27.5994 16.6079 11.776 5.6652 3.50066 1.71612 1.0164 0.819935 0.652614 0.511044 0.273749 0.227205 0.265678 0.135566 0.152377 0.104935 0.0872421 0.0625454 0.0318398 0.000999793
 50 1 1 0 0 100  27.883 32.1227 16.607 9.52727 4.82198 3.23543 1.653 0.989047 0.796316 0.628492 0.486533 0.258094 0.21278 0.247202 0.125596 0.140812 0.0968447 0.0804377 0.0575176 0.0290024 0.000999792
 51 1 1 0 0 100  34.9126 29.7452 16.1063 8.34895 3.64648 2.45879 1.3083 0.807539 0.664252 0.531895 0.414673 0.22025 0.181258 0.209622 0.105967 0.1181 0.0807562 0.0667202 0.0474997 0.0238618 0.000999792
 52 1 1 0 0 100  19.3635 40.5159 19.7708 9.4067 3.89436 2.40172 1.23834 0.766312 0.638256 0.519666 0.41204 0.221586 0.183768 0.213926 0.108541 0.121059 0.0826239 0.0679623 0.048028 0.0238707 0.000999792
 53 1 1 0 0 100  25.0614 26.9694 23.7932 12.2631 4.47948 2.65866 1.31088 0.787178 0.644318 0.520393 0.412792 0.223129 0.186171 0.218568 0.111848 0.125657 0.0863259 0.0712979 0.0503972 0.0248484 0.000999792
 54 1 1 0 0 100  28.8137 29.1183 17.1314 12.2716 5.19089 2.86192 1.33216 0.775443 0.620318 0.491042 0.383284 0.205199 0.170412 0.199567 0.102225 0.115187 0.0795943 0.0662084 0.0471883 0.0233917 0.000999792
 55 1 1 0 0 100  21.235 34.9039 19.1219 10.8436 5.34867 3.35393 1.59112 0.905717 0.704205 0.541349 0.41157 0.216195 0.177333 0.205168 0.104087 0.116586 0.0802431 0.0667135 0.0477205 0.0238464 0.000999792
 56 1 1 0 0 100  24.2619 28.2118 21.3133 11.9268 5.13779 3.36416 1.71979 1.02259 0.811807 0.626962 0.47243 0.244554 0.197828 0.224919 0.112115 0.123799 0.0839948 0.0690502 0.0489881 0.024453 0.000999792
 57 1 1 0 0 100  26.997 29.0376 17.8797 11.8359 5.28011 3.23981 1.63386 0.988093 0.803559 0.63669 0.490115 0.256781 0.208667 0.237207 0.117573 0.128618 0.0860265 0.0695436 0.0483852 0.023746 0.000999792
 58 1 1 0 0 100  30.8486 30.1698 16.3893 9.7103 4.64735 2.98983 1.4994 0.895779 0.724294 0.57486 0.446381 0.236449 0.193974 0.222896 0.11152 0.12264 0.0821863 0.066166 0.0454495 0.0217835 0.000999791
 59 1 1 0 0 100  22.3732 36.2406 19.1202 9.74754 4.37976 2.86467 1.4806 0.898623 0.731524 0.581841 0.451924 0.23955 0.196847 0.227045 0.114196 0.126352 0.0852855 0.0690927 0.0475813 0.0225322 0.000999791
 60 1 1 0 0 100  22.5352 29.8168 22.4943 11.9479 4.73937 2.95779 1.51534 0.92544 0.760641 0.611375 0.479294 0.255631 0.210862 0.244136 0.123162 0.136702 0.0926203 0.0754009 0.0522461 0.0247821 0.000999792
 61 1 1 0 0 100  26.9743 28.0351 18.6746 12.5006 5.3106 3.09929 1.51061 0.90348 0.736229 0.590592 0.464307 0.248807 0.206162 0.24008 0.121831 0.135915 0.0925952 0.0757849 0.0528458 0.0252578 0.000999792
 62 1 1 0 0 100  19.9687 33.5437 19.3653 11.8394 5.73762 3.58053 1.73879 1.01642 0.809882 0.637106 0.493881 0.262701 0.217035 0.252562 0.128326 0.143603 0.0982866 0.0809172 0.0568519 0.0274169 0.000999792
 63 1 1 0 0 100  30.6715 25.3453 18.6148 11.1335 5.03422 3.32091 1.6982 1.01537 0.814439 0.638502 0.489929 0.257744 0.211088 0.243322 0.122704 0.136655 0.0932873 0.0768344 0.0542264 0.026447 0.000999792
 64 1 1 0 0 100  22.2522 35.6709 17.3878 10.6314 5.01787 3.18428 1.63454 0.996223 0.814725 0.649725 0.504419 0.266679 0.218537 0.251295 0.126085 0.139576 0.0945665 0.0773485 0.0543049 0.02653 0.000999792
 65 1 1 0 0 100  11.8437 32.9559 25.4234 13.1215 5.76138 3.8074 1.96343 1.19299 0.97634 0.782886 0.613408 0.327147 0.269899 0.312595 0.157542 0.174852 0.118393 0.096499 0.0672378 0.032476 0.000999792
 66 1 1 0 0 100  17.4446 19.9427 24.3631 17.6874 7.45951 4.56319 2.32895 1.42537 1.17457 0.946866 0.745067 0.398746 0.330041 0.384114 0.194513 0.217028 0.147689 0.12086 0.0843006 0.0404159 0.000999793
 67 1 1 0 0 100  36.3521 20.5961 12.3758 12.3845 6.66043 4.19653 2.07706 1.24093 1.00919 0.808977 0.63662 0.341672 0.283667 0.331466 0.16865 0.188944 0.129266 0.10638 0.074701 0.0360371 0.000999792
 68 1 1 0 0 100  28.2062 36.6856 13.1348 7.24316 4.67606 3.45836 1.83692 1.11601 0.906785 0.721061 0.561861 0.29945 0.247653 0.288618 0.14684 0.164715 0.113078 0.0935024 0.0661263 0.0322385 0.000999792
 69 1 1 0 0 100  31.2546 31.816 18.4487 7.48627 3.09821 2.40289 1.40478 0.907892 0.768023 0.627645 0.496583 0.266163 0.220297 0.256284 0.130059 0.145463 0.0996558 0.0823662 0.0584136 0.0287558 0.000999792
 70 1 1 0 0 100  16.2799 38.9333 22.2107 11.0267 3.97774 2.32354 1.25107 0.818025 0.714222 0.60599 0.496859 0.273229 0.229848 0.271436 0.139188 0.15659 0.107606 0.0889719 0.0630243 0.0310357 0.000999792
 71 1 1 0 0 100  31.5123 22.7032 21.1471 12.5065 4.72004 2.64697 1.24919 0.744901 0.617873 0.512477 0.420391 0.234027 0.199643 0.240272 0.125669 0.143732 0.100439 0.084158 0.0602285 0.029839 0.000999792
 72 1 1 0 0 100  24.8569 34.79 16.115 11.2422 5.25648 2.99041 1.3807 0.790371 0.624115 0.491068 0.384769 0.208227 0.175158 0.209131 0.109463 0.126018 0.0892192 0.0760287 0.0555803 0.0281609 0.000999792
 73 1 1 0 0 100  29.7839 29.4615 18.8202 9.63828 4.49643 2.97243 1.45993 0.841696 0.656561 0.503956 0.381916 0.200325 0.164454 0.191086 0.0977831 0.110814 0.0776506 0.0660465 0.0487376 0.0253553 0.000999792
 74 1 1 0 0 100  29.0194 32.8203 17.2669 9.70778 4.09021 2.55211 1.30871 0.79099 0.637712 0.499123 0.379831 0.197819 0.160546 0.183045 0.0916268 0.101581 0.0694915 0.0578571 0.0420133 0.0219375 0.000999792
 75 1 1 0 0 100  22.4976 35.09 20.3836 10.3588 4.35573 2.67181 1.3245 0.792214 0.642201 0.51031 0.395727 0.209064 0.171043 0.195915 0.097905 0.107756 0.0726369 0.0592305 0.041811 0.0212325 0.000999792
 76 1 1 0 0 100  20.134 30.528 22.9832 12.9185 5.14881 3.06933 1.50469 0.89234 0.71784 0.567198 0.439159 0.232502 0.190946 0.220091 0.110641 0.122365 0.0826336 0.0671314 0.0466925 0.0228991 0.000999792
 77 1 1 0 0 100  25.5442 26.2593 19.6801 13.5216 5.90398 3.46755 1.65774 0.968189 0.771018 0.604457 0.465244 0.245405 0.201173 0.231684 0.116491 0.129045 0.0873584 0.0711469 0.0494677 0.02388 0.000999792
 78 1 1 0 0 100  31.2407 28.6852 15.474 10.5571 5.27948 3.33642 1.62788 0.947983 0.748406 0.58046 0.442091 0.231391 0.188719 0.216239 0.108338 0.119716 0.0809378 0.0659068 0.0458705 0.0221107 0.000999792
 79 1 1 0 0 100  21.847 36.6395 18.433 9.52563 4.68882 3.19109 1.65208 0.99179 0.795757 0.621982 0.474078 0.247326 0.20088 0.228825 0.113896 0.125165 0.0841243 0.0681693 0.0472517 0.0226882 0.000999792
 80 1 1 0 0 100  18.3148 30.6757 24.0169 12.3976 4.99646 3.27897 1.7397 1.07689 0.888017 0.71137 0.552899 0.291848 0.238492 0.272826 0.135861 0.149108 0.0997816 0.0803786 0.0552507 0.0262215 0.000999792
 81 1 1 0 0 100  24.0512 25.2116 20.3591 14.313 6.01332 3.54229 1.76918 1.08046 0.894543 0.726076 0.57455 0.308237 0.255003 0.295691 0.148926 0.164809 0.110973 0.0896387 0.0614979 0.0288937 0.000999792
 82 1 1 0 0 100  20.3181 30.7221 18.1714 12.9629 6.60552 4.1341 2.01714 1.18951 0.958168 0.763243 0.598964 0.321386 0.266961 0.312114 0.158813 0.177651 0.121092 0.0989539 0.0685847 0.0322967 0.000999792
 83 1 1 0 0 100  22.8942 26.9619 19.8385 12.149 6.13358 4.24488 2.20832 1.32942 1.07219 0.846055 0.654329 0.346706 0.285656 0.331767 0.168265 0.188409 0.12903 0.10636 0.0747119 0.0357289 0.000999792
 84 1 1 0 0 100  40.2765 24.168 13.2287 9.0913 4.36239 2.95691 1.59123 0.993049 0.824002 0.664351 0.520326 0.276907 0.228059 0.263875 0.133219 0.148363 0.101179 0.0832652 0.0587387 0.0285997 0.000999792
 85 1 1 0 0 100  25.0244 41.2499 15.3999 7.17971 3.64308 2.468 1.31528 0.823098 0.690486 0.566019 0.451761 0.244165 0.203201 0.237413 0.120733 0.134883 0.0920887 0.0756703 0.0532513 0.0260286 0.000999792
 86 1 1 0 0 100  20.6638 33.4998 24.6115 10.1862 3.60136 2.39971 1.29425 0.813662 0.684493 0.563448 0.45282 0.246717 0.206889 0.244189 0.125476 0.141497 0.0975099 0.0807205 0.0570765 0.0279109 0.000999792
 87 1 1 0 0 100  19.2586 28.6435 23.5083 14.9786 5.42169 2.87145 1.38672 0.848614 0.710388 0.585995 0.473213 0.259096 0.218224 0.259144 0.134054 0.152284 0.105892 0.0885454 0.0633354 0.0312763 0.000999792
 88 1 1 0 0 100  33.5315 23.5575 16.3538 12.4279 5.7765 3.30251 1.49122 0.841311 0.66128 0.520925 0.409184 0.221427 0.185808 0.22056 0.114466 0.130586 0.0914458 0.0771275 0.0558595 0.028117 0.000999792
 89 1 1 0 0 100  24.4524 36.5033 15.8431 9.44836 5.0944 3.33325 1.63079 0.937392 0.727534 0.554686 0.417488 0.217865 0.178275 0.206467 0.105251 0.118821 0.0827506 0.06981 0.0509008 0.0260676 0.000999792
 90 1 1 0 0 100  34.4568 27.9019 17.8816 8.63337 3.72097 2.60727 1.38716 0.842124 0.677783 0.528643 0.40057 0.207745 0.168004 0.190691 0.0949776 0.104818 0.0713016 0.058989 0.0424473 0.0218229 0.000999792
 91 1 1 0 0 100  24.85 37.7159 17.6432 9.32275 3.80883 2.29105 1.18539 0.736742 0.612663 0.494844 0.386872 0.204866 0.167556 0.191529 0.0954198 0.104622 0.0701777 0.0568834 0.0398228 0.0199589 0.000999791
 92 1 1 0 0 100  18.1788 33.4995 24.3694 11.7931 4.58633 2.75914 1.34777 0.802813 0.653772 0.525844 0.415078 0.223054 0.184951 0.215024 0.108726 0.120544 0.0814224 0.065979 0.0456114 0.0220909 0.000999792
 93 1 1 0 0 100  31.0804 23.7051 19.3601 13.0386 5.15202 2.90467 1.3802 0.808467 0.646668 0.510122 0.396025 0.21087 0.174305 0.202848 0.103145 0.115292 0.0787812 0.0645988 0.0450817 0.021689 0.000999792
 94 1 1 0 0 100  25.4332 34.4922 16.0045 10.6827 5.31575 3.17836 1.48874 0.850684 0.665711 0.514781 0.392687 0.206378 0.169071 0.194976 0.0984812 0.109679 0.0749088 0.0616491 0.0434177 0.021122 0.000999791
 95 1 1 0 0 100  23.2832 32.037 20.7769 10.3931 4.80457 3.25366 1.64712 0.966641 0.760638 0.584571 0.439941 0.227932 0.184583 0.21005 0.104748 0.115512 0.0781385 0.0638678 0.0448323 0.0219018 0.000999791
 96 1 1 0 0 100  26.4038 28.9901 19.5661 11.7187 4.82611 3.00847 1.55709 0.951927 0.775989 0.613486 0.470108 0.245285 0.198754 0.225309 0.111477 0.121789 0.0813667 0.0656492 0.0454601 0.0219991 0.000999791
 97 1 1 0 0 100  23.7176 32.0557 18.7836 11.4991 5.21406 3.18081 1.57042 0.940955 0.766074 0.612399 0.478036 0.253786 0.208281 0.239162 0.11941 0.131032 0.0875355 0.0702428 0.0480357 0.0227823 0.000999791
 98 1 1 0 0 100  23.3994 30.2354 20.1854 11.6566 5.27064 3.36723 1.68757 1.00492 0.809214 0.640103 0.496665 0.263589 0.216984 0.250877 0.126381 0.139995 0.0944758 0.0764281 0.0524356 0.0245969 0.000999791
 99 1 1 0 0 100  28.1654 28.225 18.2064 11.3566 5.08141 3.20848 1.62786 0.981501 0.796473 0.632148 0.490219 0.259595 0.213275 0.246178 0.123997 0.137599 0.0932739 0.0759926 0.0526641 0.0248926 0.000999791
 100 1 1 0 0 100  32.9773 30.0064 15.5968 9.29857 4.35009 2.77484 1.40402 0.84615 0.688306 0.548712 0.427662 0.22737 0.187236 0.216483 0.109208 0.121233 0.0822743 0.0671653 0.0467936 0.0223975 0.000999791
 26 1 2 0 0 100  15.0112 22.0305 14.1251 10.4649 6.7212 5.89071 3.92525 2.88662 2.78972 2.64669 2.458 1.5134 1.40051 1.87123 1.08799 1.38901 1.10755 1.08094 0.949141 0.649354 0.000999966
 27 1 2 0 0 100  20.9136 17.5613 15.5656 11.0323 6.2509 5.30837 3.51841 2.59391 2.5165 2.39686 2.23314 1.3777 1.27636 1.70707 0.993437 1.26942 1.01364 0.991548 0.874518 0.604436 0.000999957
 28 1 2 0 0 100  18.7567 22.1735 14.1693 11.5973 6.57164 5.14185 3.28022 2.38955 2.30918 2.19832 2.05099 1.26763 1.17623 1.57604 0.918813 1.17583 0.940527 0.921829 0.815554 0.567969 0.000999952
 29 1 2 0 0 100  29.5735 18.3766 14.0221 9.96943 5.77684 4.57748 2.8239 2.00049 1.89753 1.78429 1.6533 1.0191 0.944913 1.26625 0.738926 0.946744 0.758609 0.745023 0.660997 0.463018 0.000999926
 30 1 2 0 0 100  42.4301 22.2946 9.59559 7.17182 3.98188 3.08543 1.89834 1.3339 1.24961 1.15818 1.05878 0.646766 0.596382 0.795259 0.462844 0.59212 0.474391 0.466289 0.414631 0.292039 0.000999878
 31 1 2 0 0 100  18.3616 40.5899 16.2014 7.24882 3.95755 3.03365 1.82982 1.26958 1.17808 1.08164 0.979148 0.593163 0.543456 0.719435 0.416137 0.529824 0.422793 0.414529 0.368313 0.260152 0.000999871
 32 1 2 0 0 100  23.6164 22.3864 25.104 11.8409 4.20735 2.98218 1.76892 1.21479 1.11592 1.01368 0.907965 0.545423 0.496552 0.652499 0.374878 0.474442 0.376311 0.366977 0.324548 0.228843 0.000999863
 33 1 2 0 0 100  29.5417 22.0279 16.2412 14.3218 5.97396 3.30054 1.68339 1.09545 0.981426 0.877402 0.776453 0.462309 0.418084 0.545029 0.310857 0.39074 0.307714 0.29799 0.261624 0.183326 0.000999849
 34 1 2 0 0 100  36.0108 24.6419 12.78 9.84992 5.63529 3.6513 1.77627 1.05494 0.87307 0.732043 0.619061 0.359115 0.319979 0.411379 0.232197 0.289326 0.225915 0.216937 0.188684 0.130841 0.000999832
 35 1 2 0 0 100  24.4731 33.3381 16.4765 9.08389 4.99466 3.68633 2.00158 1.23375 1.01519 0.822229 0.660636 0.365996 0.315302 0.391266 0.214551 0.261744 0.200589 0.189759 0.162732 0.111104 0.000999825
 36 1 2 0 0 100  32.3462 23.5922 18.7705 10.3134 4.42646 3.14864 1.78099 1.14948 0.980933 0.814076 0.658331 0.361444 0.306492 0.370274 0.196803 0.232829 0.172542 0.158261 0.131763 0.0875254 0.000999817
 37 1 2 0 0 100  31.3752 28.024 15.2262 10.7432 4.87113 3.0262 1.60233 1.02442 0.882386 0.745176 0.613986 0.341364 0.291088 0.351712 0.185643 0.216557 0.156806 0.139474 0.111498 0.070555 0.000999811
 38 1 2 0 0 100  28.9325 28.8757 17.1872 10.0763 4.96596 3.28783 1.6882 1.03563 0.865577 0.717279 0.586647 0.326297 0.279055 0.338635 0.179352 0.20924 0.150771 0.132358 0.102883 0.0616115 0.000999806
 39 1 2 0 0 100  28.0738 27.4943 18.1875 11.0308 5.01615 3.33295 1.76388 1.09375 0.910463 0.744362 0.598167 0.32798 0.277892 0.334407 0.176124 0.204824 0.14718 0.128651 0.0988404 0.0569716 0.000999803
 40 1 2 0 0 100  29.3485 26.1858 17.3885 11.4184 5.31207 3.42775 1.7845 1.10564 0.923516 0.757355 0.60845 0.332406 0.280233 0.334566 0.174636 0.201375 0.143376 0.12424 0.0944603 0.0531519 0.0009998
 41 1 2 0 0 100  35.9017 24.6416 14.9649 10.0082 4.89224 3.22052 1.67063 1.02663 0.851639 0.694834 0.556396 0.303402 0.255392 0.304112 0.158207 0.181552 0.128384 0.110261 0.0827994 0.0456388 0.000999798
 42 1 2 0 0 100  37.9193 28.1948 13.3133 8.19608 4.07322 2.75572 1.45526 0.900004 0.747366 0.608528 0.485415 0.263731 0.221331 0.262559 0.136155 0.155672 0.109618 0.0936016 0.0696459 0.0377156 0.000999796
 43 1 2 0 0 100  22.8014 35.835 18.865 9.27597 4.28467 2.90793 1.55807 0.97442 0.815771 0.668147 0.534694 0.290691 0.243809 0.28873 0.14928 0.170149 0.119271 0.101297 0.0747629 0.0398199 0.000999795
 44 1 2 0 0 100  37.495 21.2262 18.5908 10.6004 4.11259 2.60767 1.37299 0.859093 0.722658 0.595658 0.479736 0.262065 0.220439 0.261647 0.135484 0.154394 0.108099 0.0915411 0.0671928 0.0353824 0.000999794
 45 1 2 0 0 100  36.3847 29.0976 13.0741 9.60755 4.44327 2.5936 1.27119 0.770085 0.637712 0.521768 0.419536 0.22953 0.193488 0.230323 0.119683 0.136701 0.0959359 0.081316 0.0596232 0.0311995 0.000999793
 46 1 2 0 0 100  32.0274 31.3046 16.4844 8.41736 4.12848 2.75067 1.37395 0.811889 0.652494 0.518923 0.408087 0.220366 0.184513 0.218571 0.113347 0.129436 0.0909513 0.0772382 0.056746 0.0296633 0.000999793
 47 1 2 0 0 100  26.6657 30.5104 19.7062 10.5907 4.35414 2.80822 1.47177 0.902012 0.737836 0.588397 0.458374 0.244159 0.201981 0.235921 0.120777 0.136664 0.0952806 0.0805368 0.0590459 0.0308455 0.000999793
 48 1 2 0 0 100  31.6843 24.7746 18.3757 11.7721 4.96469 2.9822 1.48796 0.902634 0.742491 0.599357 0.472701 0.253577 0.210231 0.245186 0.124836 0.14016 0.0966619 0.0807623 0.0585171 0.0303141 0.000999793
 49 1 2 0 0 100  37.2864 25.6216 14.1269 10.0152 4.81815 2.9773 1.45963 0.864553 0.697468 0.555168 0.43477 0.23296 0.193377 0.226097 0.115442 0.129739 0.0893918 0.0743451 0.0533415 0.0272278 0.000999792
 50 1 2 0 0 100  37.7475 28.7311 13.9199 7.98405 4.04098 2.71145 1.38537 0.828983 0.667474 0.526838 0.407876 0.216445 0.178471 0.207317 0.105412 0.118162 0.0813177 0.0675687 0.0483617 0.0244659 0.000999792
 51 1 2 0 0 100  42.6416 27.7087 13.5122 7.0031 3.05874 2.06253 1.09753 0.677506 0.557321 0.446302 0.34798 0.184902 0.152196 0.175987 0.0890435 0.0992203 0.0678976 0.0561246 0.0400028 0.0201759 0.000999792
 52 1 2 0 0 100  26.5884 37.5619 17.6676 8.40394 3.47926 2.14576 1.10642 0.684716 0.570313 0.464367 0.368216 0.198068 0.164281 0.191225 0.0970748 0.108258 0.0739212 0.0608229 0.0430139 0.0214322 0.000999792
 53 1 2 0 0 100  33.8017 24.9683 20.4503 10.5392 3.84983 2.28501 1.12672 0.676645 0.553871 0.447369 0.354896 0.191899 0.160137 0.187979 0.0962629 0.108131 0.0743295 0.0614143 0.0434522 0.0214954 0.000999792
 54 1 2 0 0 100  36.6268 27.2496 14.7113 10.5362 4.45687 2.45729 1.14389 0.665911 0.532725 0.421734 0.329216 0.176318 0.146452 0.171483 0.0879083 0.0990372 0.0684784 0.0569857 0.0406557 0.0202247 0.000999791
 55 1 2 0 0 100  28.7245 32.4479 16.9288 9.59792 4.73424 2.96869 1.40843 0.801769 0.623409 0.479265 0.364397 0.19147 0.157073 0.18171 0.0922428 0.103305 0.0711383 0.0591632 0.0423525 0.0212215 0.000999791
 56 1 2 0 0 100  32.4576 26.2826 18.5035 10.3531 4.45994 2.92036 1.49298 0.887784 0.704812 0.54436 0.41022 0.212415 0.171855 0.19537 0.0974524 0.107594 0.0730427 0.0600703 0.0426556 0.0213581 0.000999791
 57 1 2 0 0 100  36.105 26.5452 15.1899 10.0536 4.48507 2.75205 1.38795 0.839436 0.682693 0.540954 0.416454 0.21826 0.177392 0.201634 0.100017 0.109399 0.0732214 0.0592208 0.0412489 0.0203204 0.000999791
 58 1 2 0 0 100  38.8997 27.9944 13.9195 8.24546 3.94634 2.53889 1.27334 0.760781 0.615168 0.48828 0.379185 0.200926 0.164859 0.189418 0.094845 0.104288 0.0699374 0.0563341 0.0387432 0.0186477 0.000999791
 59 1 2 0 0 100  29.7068 33.7121 16.9015 8.61454 3.87073 2.53177 1.3086 0.794274 0.6466 0.514317 0.399503 0.211818 0.17408 0.200767 0.101036 0.11178 0.0754871 0.0611768 0.0421661 0.020029 0.000999791
 60 1 2 0 0 100  30.7682 27.6357 19.6378 10.4292 4.13702 2.58192 1.32283 0.807924 0.664074 0.533783 0.418492 0.223262 0.184184 0.213228 0.107633 0.119452 0.0809733 0.0659429 0.0457316 0.0217588 0.000999791
 61 1 2 0 0 100  34.4387 26.4952 16.2161 10.8532 4.61082 2.69095 1.31165 0.784538 0.639329 0.512886 0.403245 0.216148 0.179123 0.208571 0.105906 0.118134 0.0805234 0.0659286 0.0460127 0.0220607 0.000999791
 62 1 2 0 0 100  28.3844 30.7704 17.0161 10.4011 5.0406 3.1456 1.52764 0.893041 0.711599 0.559816 0.433993 0.230903 0.190786 0.221996 0.112855 0.126276 0.0864658 0.0712068 0.0500656 0.0242071 0.000999791
 63 1 2 0 0 100  38.869 23.8465 15.7798 9.4368 4.26709 2.81492 1.43953 0.860771 0.690461 0.541339 0.41541 0.218613 0.179068 0.206389 0.104154 0.11598 0.0792215 0.0652762 0.046114 0.0225685 0.000999791
 64 1 2 0 0 100  28.4397 33.8218 15.5966 9.5339 4.49989 2.85562 1.46588 0.893468 0.73071 0.582746 0.452442 0.239248 0.196077 0.225453 0.11317 0.125268 0.0849059 0.0694657 0.0488012 0.023894 0.000999791
 65 1 2 0 0 100  16.6026 31.7316 23.7969 12.2802 5.39201 3.56332 1.8376 1.11656 0.913798 0.732748 0.574138 0.306233 0.252656 0.292614 0.147504 0.163704 0.110865 0.0903752 0.0629904 0.0304576 0.000999792
 66 1 2 0 0 100  26.7722 18.4583 21.3114 15.4708 6.52473 3.99141 2.03719 1.24685 1.02748 0.82832 0.651812 0.348896 0.288802 0.336098 0.17026 0.189953 0.129305 0.105837 0.0738604 0.0354758 0.000999792
 67 1 2 0 0 100  45.0572 19.6161 10.1553 10.161 5.46474 3.44322 1.7043 1.0183 0.828172 0.663905 0.522495 0.280504 0.232915 0.272131 0.138549 0.155198 0.106236 0.0874589 0.061468 0.0297461 0.000999792
 68 1 2 0 0 100  37.4508 32.8915 11.0971 6.11745 3.94935 2.92094 1.55154 0.942688 0.765986 0.609132 0.474679 0.253058 0.209312 0.24391 0.12417 0.139267 0.0956563 0.0791234 0.0560027 0.0273826 0.000999792
 69 1 2 0 0 100  38.4827 29.8408 15.8247 6.42046 2.65719 2.06087 1.2049 0.778757 0.658804 0.538415 0.426015 0.228406 0.18907 0.219933 0.111682 0.124892 0.0856079 0.0707802 0.0502382 0.0248035 0.000999792
 70 1 2 0 0 100  24.2487 35.7325 19.8475 9.85132 3.5538 2.07594 1.1178 0.730924 0.638187 0.541494 0.443997 0.244208 0.205451 0.242605 0.124456 0.140003 0.0962411 0.0795934 0.056412 0.0278337 0.000999792
 71 1 2 0 0 100  39.8772 21.5518 17.8149 10.535 3.97608 2.22983 1.05241 0.627624 0.520622 0.431841 0.354273 0.197289 0.168326 0.20255 0.106014 0.12123 0.0847621 0.0710479 0.050891 0.0252924 0.000999792
 72 1 2 0 0 100  33.4588 31.7364 13.9006 9.69486 4.53305 2.57891 1.19078 0.681712 0.538342 0.423608 0.331942 0.179701 0.151185 0.180481 0.0945326 0.108809 0.0770755 0.0657007 0.0480671 0.0244221 0.000999792
 73 1 2 0 0 100  38.7119 26.9592 15.8529 8.11748 3.78702 2.50352 1.2297 0.709027 0.553108 0.424586 0.321804 0.16887 0.13866 0.161089 0.0825099 0.0934846 0.0655545 0.0557816 0.0412042 0.0215118 0.000999792
 74 1 2 0 0 100  37.0163 30.3112 14.7844 8.3104 3.50151 2.18484 1.12045 0.67726 0.546049 0.427412 0.325293 0.169484 0.137577 0.156838 0.0785799 0.087101 0.0596312 0.0496717 0.0361088 0.0189232 0.000999791
 75 1 2 0 0 100  29.6013 32.8224 18.0603 9.17634 3.85858 2.3669 1.1734 0.701885 0.568999 0.452165 0.350663 0.185311 0.15163 0.173663 0.0868418 0.0955677 0.0644585 0.0525826 0.0371517 0.0189226 0.000999791
 76 1 2 0 0 100  27.6418 28.5675 20.3998 11.4648 4.56947 2.72402 1.33546 0.792027 0.637165 0.503477 0.389848 0.206448 0.169569 0.195434 0.0983016 0.108706 0.0734464 0.0596888 0.0415502 0.0204345 0.000999792
 77 1 2 0 0 100  34.6764 24.1813 16.8001 11.5413 5.03936 2.9598 1.41508 0.826524 0.658233 0.516068 0.397246 0.209606 0.171853 0.197895 0.099575 0.11029 0.0747093 0.0608724 0.0423685 0.0205287 0.000999792
 78 1 2 0 0 100  39.2965 26.7282 13.1197 8.94919 4.47544 2.82835 1.38007 0.803735 0.634558 0.492195 0.374902 0.196297 0.160124 0.183453 0.0919875 0.101632 0.0687614 0.0560199 0.0390356 0.018895 0.000999791
 79 1 2 0 0 100  28.6157 34.3707 16.4363 8.49183 4.17998 2.84483 1.47287 0.884244 0.70949 0.554577 0.422728 0.220589 0.179184 0.204096 0.101642 0.111687 0.0751015 0.0608783 0.0422313 0.0203341 0.000999791
 80 1 2 0 0 100  25.547 28.7817 21.5042 11.0991 4.47318 2.9356 1.55756 0.96419 0.7951 0.636957 0.495087 0.261381 0.213614 0.244351 0.121734 0.133593 0.0894339 0.0720635 0.0495678 0.0235794 0.000999791
 81 1 2 0 0 100  31.5251 23.9928 17.8496 12.5473 5.27155 3.10538 1.55103 0.947284 0.784302 0.636619 0.503788 0.270331 0.223665 0.259333 0.130675 0.144599 0.0974053 0.0787028 0.0540339 0.0254522 0.000999792
 82 1 2 0 0 100  27.238 29.0175 16.2371 11.5808 5.90127 3.69338 1.80215 1.06278 0.856103 0.681963 0.535202 0.287222 0.238601 0.278939 0.141985 0.158814 0.108286 0.0885088 0.0613779 0.0289594 0.000999792
 83 1 2 0 0 100  33.5488 24.0798 16.764 10.2647 5.18234 3.5866 1.86594 1.12336 0.906034 0.714976 0.55299 0.293082 0.241502 0.280461 0.14232 0.159339 0.109171 0.090017 0.0632782 0.030342 0.000999792
 84 1 2 0 0 100  48.5619 22.617 10.723 7.36821 3.53566 2.3966 1.28979 0.805001 0.667997 0.538609 0.421885 0.224607 0.185019 0.214046 0.108156 0.120429 0.0821899 0.0676713 0.047794 0.023368 0.000999791
 85 1 2 0 0 100  32.4457 38.0135 13.4905 6.28747 3.19038 2.16136 1.15192 0.720913 0.604784 0.495789 0.395732 0.21394 0.178068 0.208028 0.105851 0.118242 0.0807665 0.0663889 0.0467565 0.0229176 0.000999791
 86 1 2 0 0 100  27.3095 31.6388 22.0429 9.1219 3.22511 2.14904 1.1591 0.728736 0.613066 0.504671 0.405603 0.221039 0.185373 0.218775 0.112467 0.126815 0.0874243 0.0723894 0.0512163 0.0250986 0.000999792
 87 1 2 0 0 100  28.2084 26.2355 20.557 13.0964 4.74047 2.51073 1.21258 0.742095 0.62124 0.512479 0.41387 0.226661 0.190925 0.226703 0.117333 0.133272 0.0927102 0.0775436 0.0555017 0.0274715 0.000999792
 88 1 2 0 0 100  41.7441 22.3247 13.6938 10.4052 4.83641 2.76512 1.24865 0.704532 0.553805 0.436296 0.342743 0.185548 0.155727 0.184821 0.0959971 0.109493 0.0767237 0.064736 0.0469298 0.0237031 0.000999792
 89 1 2 0 0 100  33.8797 32.752 13.5414 8.07339 4.35308 2.84826 1.39358 0.801105 0.621791 0.474099 0.35687 0.186301 0.152473 0.176562 0.0900776 0.101672 0.0708521 0.059795 0.0436379 0.0224191 0.000999792
 90 1 2 0 0 100  42.9473 25.7737 14.859 7.17309 3.09167 2.16637 1.15267 0.699834 0.563293 0.439383 0.332976 0.17277 0.139752 0.158602 0.0790796 0.0872553 0.0594088 0.0491791 0.0354357 0.0183003 0.000999791
 91 1 2 0 0 100  31.807 35.2049 15.5489 8.21407 3.35592 2.01867 1.04452 0.649232 0.539912 0.436106 0.340976 0.180618 0.147746 0.168867 0.0841894 0.0922975 0.0619496 0.0502365 0.0352052 0.0177039 0.000999791
 92 1 2 0 0 100  26.4196 30.8055 21.5729 10.4382 4.05945 2.44221 1.19302 0.71068 0.578765 0.465536 0.367498 0.197539 0.163814 0.190432 0.096348 0.106807 0.0721814 0.0585125 0.0404852 0.0196674 0.000999791
 93 1 2 0 0 100  39.5912 22.3207 16.3085 10.9824 4.3396 2.4467 1.16267 0.681113 0.544833 0.429823 0.333722 0.177769 0.146971 0.171013 0.0870345 0.0972658 0.0665135 0.0545679 0.0381291 0.0184259 0.000999791
 94 1 2 0 0 100  33.1886 31.9344 13.9301 9.29572 4.62562 2.76577 1.29556 0.74035 0.579396 0.448065 0.341825 0.179709 0.147246 0.169788 0.085823 0.095567 0.0653115 0.0537736 0.0379096 0.0185091 0.000999791
 95 1 2 0 0 100  31.3901 29.632 18.1262 9.06567 4.19096 2.83817 1.43684 0.84329 0.663601 0.510025 0.383871 0.198944 0.161132 0.183346 0.0914948 0.100884 0.0682847 0.055837 0.0392331 0.0192317 0.000999791
 96 1 2 0 0 100  34.4237 27.0451 16.9018 10.1216 4.1684 2.59852 1.34498 0.822306 0.67035 0.529998 0.406164 0.211987 0.171798 0.194733 0.0964183 0.105324 0.0704119 0.0568369 0.0393997 0.0191367 0.000999791
 97 1 2 0 0 100  31.3704 29.877 16.4596 10.0745 4.56816 2.78682 1.37596 0.824493 0.671279 0.536645 0.41893 0.222466 0.182598 0.209653 0.104739 0.11492 0.0768136 0.0616634 0.0422078 0.0200834 0.000999791
 98 1 2 0 0 100  31.6463 28.0012 17.5685 10.1438 4.58665 2.9303 1.46865 0.874613 0.704309 0.557148 0.432328 0.229505 0.188949 0.218443 0.110106 0.121954 0.0823427 0.0666376 0.0457593 0.021534 0.000999791
 99 1 2 0 0 100  37.5039 25.7394 15.3458 9.57075 4.28242 2.70404 1.372 0.827298 0.671369 0.532887 0.41328 0.218926 0.179891 0.207619 0.104653 0.116116 0.0787619 0.0641984 0.0445388 0.021135 0.000999791
 100 1 2 0 0 100  42.341 27.0892 12.8809 7.67791 3.59198 2.29132 1.15945 0.698828 0.568499 0.453238 0.353289 0.18791 0.154772 0.178921 0.0903461 0.100275 0.068107 0.0556317 0.0388111 0.0186676 0.000999791

25 #_N_age_bins
 1 2 3 4 5 6 7 8 9 10 11 12 13 14 15 16 17 18 19 20 21 22 23 24 25
1 #_N_ageerror_definitions
 -1 -1 -1 -1 -1 -1 -1 -1 -1 -1 -1 -1 -1 -1 -1 -1 -1 -1 -1 -1 -1 -1 -1 -1 -1 -1
 0.001 0.001 0.001 0.001 0.001 0.001 0.001 0.001 0.001 0.001 0.001 0.001 0.001 0.001 0.001 0.001 0.001 0.001 0.001 0.001 0.001 0.001 0.001 0.001 0.001 0.001
150 #_N_Agecomp_obs
1 #_Lbin_method: 1=poplenbins; 2=datalenbins; 3=lengths
-1 #_combine males into females at or below this bin number
#Yr Seas Flt/Svy Gender Part Ageerr Lbin_lo Lbin_hi Nsamp datavector(female-male)
 26 1 1 0 0 1 -1 -1 100  1.64597 9.8055 22.9618 11.7498 9.06251 6.69062 6.45862 5.49952 5.19873 3.58834 1.19709 3.55125 1.98943 3.29432 1.05279 0.885247 1.37005 1.16594 0.513195 0.440128 0.386719 0.147478 0.280047 0.169503 0.895394
 27 1 1 0 0 1 -1 -1 100  1.29634 17.1179 13.1329 17.7626 9.08071 7.00384 5.17082 4.99152 4.25032 4.01786 2.77334 0.925354 2.74467 1.53768 2.54612 0.813832 0.684357 1.05902 0.901282 0.396831 0.340365 0.29909 0.114201 0.216653 0.822437
 28 1 1 0 0 1 -1 -1 100  1.81885 13.2249 22.6509 10.037 13.5622 6.93341 5.3477 3.94818 3.81129 3.24538 3.06789 2.11769 0.706748 2.0958 1.17426 1.94421 0.621601 0.522747 0.808803 0.688372 0.303221 0.260108 0.228595 0.0874303 0.79284
 29 1 1 0 0 1 -1 -1 100  5.83069 16.9605 16.3996 16.2231 7.182 9.70429 4.96127 3.82667 2.82528 2.72733 2.32241 2.19542 1.51553 0.505975 1.49987 0.840489 1.3914 0.445052 0.37432 0.579 0.49283 0.217246 0.186398 0.16385 0.629433
 30 1 1 0 0 1 -1 -1 100  1.34014 41.9585 15.6297 8.7289 8.62667 3.81927 5.16041 2.63846 2.03518 1.50272 1.45064 1.23533 1.16781 0.806302 0.269504 0.797975 0.447371 0.740302 0.237111 0.199502 0.308334 0.262516 0.115983 0.0995806 0.421748
 31 1 1 0 0 1 -1 -1 100  1.78108 11.9169 48.4821 10.4308 5.82001 5.75179 2.54666 3.44081 1.75941 1.3572 1.00221 0.967481 0.823938 0.778918 0.537899 0.180013 0.532349 0.298599 0.493899 0.158417 0.133343 0.205903 0.175356 0.0776604 0.347247
 32 1 1 0 0 1 -1 -1 100  2.25428 17.8008 15.4296 36.2558 7.7931 4.34832 4.29736 1.90284 2.57085 1.31469 1.0142 0.748989 0.723047 0.615807 0.582174 0.402112 0.134739 0.397965 0.223333 0.36924 0.118605 0.0998726 0.154082 0.131261 0.316957
 33 1 1 0 0 1 -1 -1 100  4.10673 20.3661 21.0256 10.5262 24.71 5.31155 2.96383 2.92909 1.29716 1.75242 0.896319 0.691524 0.510776 0.493096 0.420009 0.397087 0.274369 0.092147 0.271544 0.152527 0.251968 0.0811519 0.068385 0.105331 0.305117
 34 1 1 0 0 1 -1 -1 100  1.85787 32.707 20.8341 12.4229 6.21364 14.5857 3.13559 1.74983 1.72933 0.766066 1.03479 0.529467 0.408586 0.301898 0.291462 0.248323 0.234793 0.162358 0.0548001 0.160691 0.0904403 0.149136 0.0483105 0.0407748 0.242094
 35 1 1 0 0 1 -1 -1 100  2.97974 16.3108 37.4538 13.7795 8.20872 4.10592 9.63762 2.07214 1.15651 1.14297 0.506507 0.684062 0.350177 0.270307 0.199814 0.192919 0.164415 0.155476 0.107615 0.0365478 0.106514 0.0600968 0.0988799 0.03226 0.186584
 36 1 1 0 0 1 -1 -1 100  3.03483 25.9839 18.4043 24.4085 8.97168 5.34468 2.67353 6.27496 1.34942 0.753303 0.744483 0.330112 0.44571 0.228333 0.176333 0.130439 0.12595 0.107392 0.101572 0.0704127 0.0241436 0.0696958 0.0394755 0.0647257 0.142181
 37 1 1 0 0 1 -1 -1 100  2.63858 25.285 27.9704 11.4425 15.1608 5.57277 3.32 1.66093 3.89781 0.838516 0.468261 0.462783 0.205414 0.277213 0.142198 0.109901 0.0813955 0.0786073 0.0670811 0.0634664 0.0441129 0.0153747 0.0436678 0.0248976 0.128272
 38 1 1 0 0 1 -1 -1 100  2.47123 22.8016 28.2454 18.0462 7.37572 9.77232 3.5923 2.14027 1.07091 2.5127 0.540823 0.302174 0.298643 0.132755 0.179033 0.0920096 0.0711922 0.0528191 0.0510221 0.0435928 0.041263 0.0287886 0.0102652 0.0285018 0.0984388
 39 1 1 0 0 1 -1 -1 100  2.4623 21.9145 26.1496 18.709 11.942 4.88101 6.46689 2.37744 1.4166 0.708983 1.66304 0.358212 0.200293 0.197956 0.0881851 0.118808 0.0612229 0.0474476 0.0352898 0.0341007 0.0291846 0.0276429 0.0193884 0.00713097 0.0836776
 40 1 1 0 0 1 -1 -1 100  3.25662 21.6957 25.0823 17.2863 12.356 7.88689 3.22377 4.27109 1.57041 0.935866 0.468553 1.09862 0.236903 0.132613 0.13107 0.0585772 0.0788009 0.0407713 0.0316741 0.0236451 0.0228598 0.0196132 0.0185951 0.0131438 0.0596508
 41 1 1 0 0 1 -1 -1 100  4.80582 26.4138 22.9506 15.3247 10.5516 7.5421 4.81431 1.96808 2.60733 0.958917 0.571614 0.28638 0.670951 0.144988 0.0813327 0.0803909 0.0361433 0.0484873 0.0252752 0.0197225 0.0148218 0.0143426 0.012361 0.0117396 0.0442119
 42 1 1 0 0 1 -1 -1 100  1.45251 35.6575 25.1226 12.6076 8.41052 5.79101 4.13946 2.64248 1.08051 1.43132 0.526692 0.314145 0.157613 0.36866 0.0800185 0.0450854 0.0445686 0.0202861 0.0270603 0.0143218 0.0112746 0.00858518 0.00832216 0.0072347 0.0306085
 43 1 1 0 0 1 -1 -1 100  3.68227 12.7673 41.3981 16.8459 8.44614 5.63445 3.87966 2.7733 1.7705 0.72415 0.959155 0.353155 0.210772 0.105913 0.247291 0.0539335 0.0305322 0.0301861 0.0139195 0.0184575 0.00992411 0.00788281 0.00608119 0.005905 0.0250115
 44 1 1 0 0 1 -1 -1 100  3.93075 30.5304 13.7159 25.6866 10.4427 5.23587 3.49299 2.40526 1.71946 1.09785 0.449257 0.594928 0.219289 0.131031 0.0660319 0.153668 0.0338117 0.019306 0.0190914 0.0090083 0.0118213 0.00653171 0.00526637 0.0041496 0.0189249
 45 1 1 0 0 1 -1 -1 100  3.32357 29.7561 29.8862 7.75494 14.5088 5.89869 2.95775 1.97334 1.35897 0.971618 0.620522 0.254183 0.336461 0.124293 0.0744434 0.0377311 0.0872293 0.0195325 0.0113395 0.0112183 0.00552314 0.007112 0.00412432 0.00340964 0.0129035
 46 1 1 0 0 1 -1 -1 100  2.22807 26.7733 30.8895 17.9188 4.64546 8.69081 3.53356 1.77201 1.18238 0.814386 0.582374 0.372077 0.15265 0.201932 0.0748493 0.0449906 0.0230008 0.052649 0.0121004 0.00719299 0.00712042 0.00370916 0.00466085 0.00287131 0.00957345
 47 1 1 0 0 1 -1 -1 100  2.66337 19.6882 30.6792 20.4435 11.8479 3.0718 5.74649 2.33664 1.17195 0.782098 0.53879 0.385389 0.246347 0.101267 0.133851 0.0498272 0.0300854 0.0155463 0.0351491 0.00833927 0.00509459 0.00504661 0.00279116 0.00342041 0.00790604
 48 1 1 0 0 1 -1 -1 100  3.94178 23.1213 22.2584 20.0325 13.3363 7.72902 2.00416 3.74892 1.52459 0.764839 0.510528 0.351813 0.251746 0.161045 0.0664064 0.0876618 0.0328511 0.019973 0.0104889 0.0232762 0.00578752 0.00367093 0.00363964 0.00216834 0.00708407
 49 1 1 0 0 1 -1 -1 100  3.47838 30.7426 23.3171 12.9647 11.6571 7.76055 4.49779 1.1666 2.18184 0.88755 0.445463 0.297484 0.205131 0.146904 0.0941271 0.0390586 0.0514268 0.0195335 0.01204 0.00652131 0.0139621 0.00378568 0.00255407 0.00253587 0.00522017
 50 1 1 0 0 1 -1 -1 100  5.83544 26.2373 30.3885 13.3122 7.39491 6.64903 4.42665 2.56573 0.665797 1.24484 0.506642 0.254498 0.170099 0.117426 0.084216 0.0541147 0.0227066 0.0297607 0.0115704 0.00729654 0.00414897 0.00839284 0.00258871 0.00188626 0.00428305
 51 1 1 0 0 1 -1 -1 100  2.23521 40.0573 23.1302 15.4729 6.77197 3.762 3.3826 2.25216 1.30558 0.339157 0.633693 0.2582 0.129945 0.0870141 0.0602211 0.0433287 0.0280173 0.0120412 0.0156294 0.00637668 0.0042027 0.00260165 0.00476037 0.001808 0.00312082
 52 1 1 0 0 1 -1 -1 100  2.98202 18.4079 42.9155 14.3125 9.56533 4.18659 2.32593 2.09139 1.39259 0.807449 0.210037 0.392109 0.159992 0.0807091 0.0541709 0.0376084 0.0271661 0.0177011 0.00782521 0.0100433 0.0043236 0.00297972 0.00199 0.00332446 0.0028106
 53 1 1 0 0 1 -1 -1 100  4.13264 25.3366 20.351 27.4029 9.1305 6.10215 2.67101 1.48408 1.33447 0.888703 0.515438 0.134346 0.25049 0.102422 0.0518467 0.0349179 0.0243526 0.0176914 0.0116537 0.00535377 0.00676874 0.00312007 0.0022628 0.00163144 0.00363789
 54 1 1 0 0 1 -1 -1 100  2.53531 31.865 25.1627 11.6736 15.7035 5.23254 3.49718 1.53101 0.85086 0.765128 0.509685 0.295791 0.0774117 0.143967 0.0591183 0.0301369 0.0204361 0.0143818 0.0105647 0.00710486 0.00349477 0.00430561 0.00221478 0.00172353 0.00287352
 55 1 1 0 0 1 -1 -1 100  2.95953 21.24 34.6356 15.7969 7.32174 9.84905 3.28204 2.19368 0.960571 0.534003 0.480234 0.32003 0.185883 0.0489226 0.0906637 0.0374497 0.0192736 0.0131896 0.00939254 0.00699858 0.00482869 0.00256455 0.00307309 0.00176178 0.00262888
 56 1 1 0 0 1 -1 -1 100  3.39527 25.1056 23.3627 22.0035 10.0261 4.64719 6.25117 2.08335 1.39261 0.610002 0.339276 0.305151 0.203475 0.118338 0.0314145 0.057906 0.0241331 0.0125975 0.00873617 0.00632635 0.004807 0.00342984 0.00199288 0.00231563 0.00251736
 57 1 1 0 0 1 -1 -1 100  4.61652 26.8952 25.9024 13.9219 13.0994 5.96904 2.76691 3.72178 1.24064 0.829436 0.363543 0.202378 0.182063 0.121535 0.0708518 0.0191059 0.0348765 0.0147712 0.00790397 0.00560532 0.00417073 0.00326625 0.00244642 0.00159097 0.00268658
 58 1 1 0 0 1 -1 -1 100  2.82873 34.0424 25.556 14.2155 7.63338 7.18239 3.27306 1.51745 2.04096 0.680648 0.455201 0.199769 0.111408 0.10027 0.0670847 0.0392971 0.0109267 0.0195731 0.00855017 0.00478509 0.00352483 0.00273829 0.0022424 0.00179291 0.00224875
 59 1 1 0 0 1 -1 -1 100  2.59986 23.0666 35.8989 15.5653 8.65008 4.64501 4.37059 1.99192 0.9237 1.24224 0.414539 0.277363 0.121943 0.0681788 0.0614018 0.0412099 0.0243022 0.00703992 0.012301 0.00559391 0.003303 0.00253617 0.0020576 0.00175586 0.00224235
 60 1 1 0 0 1 -1 -1 100  3.72948 22.3673 25.8353 23.2226 10.0596 5.59049 3.00221 2.82486 1.28764 0.597297 0.803153 0.26825 0.1796 0.0791595 0.0444143 0.0400347 0.0269857 0.016059 0.00490323 0.00830321 0.00396875 0.00248824 0.00199267 0.00168339 0.00229145
 61 1 1 0 0 1 -1 -1 100  2.09645 30.1888 23.2902 15.5373 13.9527 6.04422 3.35918 1.80413 1.69758 0.774014 0.359256 0.482935 0.161564 0.108303 0.0479583 0.0270833 0.0244521 0.0166122 0.0100474 0.00334498 0.00538771 0.00278354 0.00189405 0.00159631 0.00218656
 62 1 1 0 0 1 -1 -1 100  4.36584 17.9028 33.8717 15.0928 10.0591 9.03319 3.91331 2.17505 1.16833 1.09935 0.50144 0.232931 0.312999 0.104947 0.0704667 0.0314002 0.017886 0.0161825 0.0111071 0.00685713 0.00251803 0.00384048 0.00215457 0.00157871 0.00215431
 63 1 1 0 0 1 -1 -1 100  3.01691 33.9763 17.9672 19.6335 8.74028 5.82537 5.23127 2.2665 1.25992 0.676963 0.637019 0.290789 0.135304 0.181669 0.0611926 0.0412259 0.0186037 0.0107781 0.00979166 0.00685262 0.0043916 0.00187895 0.00264475 0.00166848 0.0020036
 64 1 1 0 0 1 -1 -1 100  1.14501 24.7651 35.7831 10.9293 11.9314 5.31169 3.54035 3.17933 1.3777 0.766023 0.411769 0.387496 0.177099 0.0826135 0.110789 0.0375777 0.0254444 0.0116973 0.00694185 0.00634244 0.00455644 0.00306092 0.00153403 0.00199939 0.00201616
 65 1 1 0 0 1 -1 -1 100  1.44983 11.4043 31.9547 26.6669 8.13728 8.88329 3.95485 2.63608 2.36729 1.02596 0.570565 0.30682 0.288749 0.132107 0.0617618 0.0827384 0.0282323 0.019199 0.00896421 0.0054237 0.00497744 0.00364775 0.00253432 0.00139753 0.00250074
 66 1 1 0 0 1 -1 -1 100  5.64906 14.0885 14.8329 24.0049 20.0134 6.10713 6.66699 2.96829 1.97857 1.77686 0.770215 0.428448 0.230512 0.21695 0.0993931 0.0466005 0.0623431 0.0214373 0.014658 0.00697695 0.00431986 0.00398495 0.00298704 0.00215143 0.00242477
 67 1 1 0 0 1 -1 -1 100  3.83047 40.4084 13.0025 7.90688 12.7836 10.658 3.25261 3.55075 1.58113 1.05409 0.946671 0.410619 0.228622 0.123219 0.115997 0.0533958 0.0252829 0.0336661 0.0118831 0.00827301 0.00418272 0.00276777 0.00258943 0.00205803 0.00237191
 68 1 1 0 0 1 -1 -1 100  4.95868 27.3768 37.6615 6.9996 4.25259 6.87509 5.73199 1.74962 1.90995 0.850746 0.56732 0.509553 0.22128 0.123408 0.0667254 0.0628416 0.0291768 0.0140585 0.0185668 0.00685252 0.00491111 0.00271147 0.00195055 0.00185464 0.00230679
 69 1 1 0 0 1 -1 -1 100  1.47597 36.2521 25.6554 20.3843 3.78529 2.2999 3.71792 3.09983 0.946504 1.0332 0.460469 0.307217 0.275981 0.120109 0.0671878 0.0365385 0.0344385 0.0162355 0.00806083 0.0104985 0.00416444 0.00311469 0.00192531 0.00151387 0.00216876
 70 1 1 0 0 1 -1 -1 100  4.44607 12.7258 41.5867 16.9982 13.4929 2.50584 1.52265 2.46124 2.05213 0.626833 0.684214 0.305124 0.203686 0.183011 0.0798383 0.0448099 0.024523 0.023133 0.0110844 0.00567353 0.00728706 0.00309449 0.00239965 0.00161239 0.00211384
 71 1 1 0 0 1 -1 -1 100  3.13724 35.1455 12.9713 24.4825 9.99766 7.93599 1.47417 0.895926 1.44794 1.20733 0.36907 0.402817 0.179864 0.120205 0.108046 0.047367 0.0267658 0.0148345 0.014017 0.00693083 0.00374855 0.00469753 0.00223174 0.00182308 0.00201531
 72 1 1 0 0 1 -1 -1 100  4.0777 24.3682 35.534 7.57485 14.283 5.83278 4.63005 0.860405 0.523075 0.845105 0.704737 0.215721 0.235409 0.105344 0.0705408 0.0634475 0.0280491 0.0160309 0.00907057 0.00859368 0.0044598 0.00260333 0.00315695 0.00171846 0.00207253
 73 1 1 0 0 1 -1 -1 100  4.22458 31.0049 24.0295 20.2379 4.31038 8.12708 3.31913 2.63481 0.489979 0.298047 0.481274 0.401408 0.123171 0.134372 0.060369 0.0405669 0.0365309 0.0163902 0.00955214 0.00559186 0.00532053 0.00296844 0.00191216 0.00222715 0.00201908
 74 1 1 0 0 1 -1 -1 100  2.87698 31.4463 29.7704 13.3261 11.2128 2.38848 4.503 1.83931 1.46018 0.271904 0.165569 0.26708 0.222833 0.0686848 0.0748907 0.0338914 0.0229207 0.0206847 0.00952636 0.00573795 0.00354388 0.00339356 0.00209045 0.00150525 0.00224451
 75 1 1 0 0 1 -1 -1 100  2.2634 23.7711 33.5316 18.3346 8.19948 6.89914 1.46992 2.7709 1.13204 0.898775 0.167676 0.102253 0.164708 0.137485 0.0426435 0.0464618 0.0212367 0.0144868 0.0131111 0.00624584 0.00391498 0.00256506 0.00247257 0.00167082 0.00207663
 76 1 1 0 0 1 -1 -1 100  3.02139 20.1409 27.4773 22.3862 12.2289 5.46905 4.60178 0.980707 1.84841 0.755354 0.599778 0.112166 0.0685312 0.110186 0.0920295 0.0287744 0.0313211 0.014497 0.00999509 0.00907757 0.00449869 0.0029441 0.00204375 0.00198207 0.00216558
 77 1 1 0 0 1 -1 -1 100  4.68472 25.1804 21.901 17.2569 14.0461 7.67302 3.43176 2.88762 0.615687 1.1601 0.474296 0.376685 0.0707473 0.0433703 0.0695055 0.0581136 0.0184261 0.020024 0.00946818 0.00664363 0.00606796 0.00319507 0.00221969 0.00165479 0.00234757
 78 1 1 0 0 1 -1 -1 100  2.82353 34.6312 23.9823 12.0476 9.48389 7.71933 4.21708 1.88634 1.58731 0.338795 0.63797 0.261095 0.207453 0.0393288 0.024284 0.0386464 0.0323861 0.0105763 0.0114543 0.0056535 0.0041013 0.00378495 0.00220618 0.00167016 0.00210042
 79 1 1 0 0 1 -1 -1 100  1.94889 23.1857 36.6505 14.6591 7.35719 5.79163 4.71412 2.57551 1.15226 0.969664 0.207271 0.389959 0.159824 0.127068 0.024405 0.015218 0.0239883 0.0201655 0.00684756 0.00738376 0.00384153 0.00289369 0.00270052 0.00173645 0.00208126
 80 1 1 0 0 1 -1 -1 100  3.01609 17.8358 27.6335 25.2288 10.0813 5.05975 3.98314 3.24215 1.77145 0.792708 0.667136 0.142849 0.268481 0.110221 0.0876954 0.0170952 0.0107775 0.0168087 0.0141798 0.00502122 0.00538997 0.00295402 0.0023022 0.00216936 0.00225013
 81 1 1 0 0 1 -1 -1 100  2.42519 26.2481 20.026 17.9201 16.345 6.53152 3.27831 2.58083 2.10078 1.14799 0.513908 0.432556 0.092897 0.174288 0.0717586 0.0571656 0.0114272 0.00733426 0.0112416 0.0095385 0.00360508 0.00384397 0.00226583 0.00184355 0.00256757
 82 1 1 0 0 1 -1 -1 100  2.19585 21.3076 29.7814 13.1234 11.7322 10.7009 4.27633 2.14655 1.68993 1.37566 0.751896 0.336784 0.283526 0.0611619 0.114446 0.0473233 0.0377697 0.00782627 0.00514677 0.00770479 0.00658983 0.00270539 0.00286179 0.00182862 0.00257859
 83 1 1 0 0 1 -1 -1 100  7.10285 18.6508 24.1644 19.5069 8.58784 7.67739 7.00256 2.79859 1.40496 1.10617 0.900518 0.492354 0.220723 0.185873 0.0403673 0.075234 0.0313119 0.0250605 0.00546675 0.00371339 0.00538726 0.00465768 0.00211586 0.0022182 0.00257529
 84 1 1 0 0 1 -1 -1 100  3.54141 45.6015 15.4189 11.5382 9.30553 4.09697 3.66268 3.34079 1.33547 0.670696 0.52817 0.430074 0.235378 0.105809 0.0891851 0.0197783 0.0364099 0.0154589 0.0124769 0.00313054 0.00229418 0.00309263 0.00274462 0.00153214 0.00233252
 85 1 1 0 0 1 -1 -1 100  2.53358 26.1129 43.405 8.47674 6.33734 5.11107 2.25052 2.012 1.83522 0.733892 0.368798 0.290522 0.236648 0.129721 0.058561 0.0494313 0.011313 0.0204471 0.00894074 0.00730304 0.00216999 0.00171066 0.00214918 0.00195805 0.00202413
 86 1 1 0 0 1 -1 -1 100  1.83856 22.1922 29.4705 28.2924 5.52034 4.12714 3.3286 1.46585 1.31054 1.19542 0.478248 0.240505 0.189533 0.154451 0.084821 0.0384828 0.0325377 0.00771558 0.0136636 0.00617083 0.00510439 0.0017618 0.00146269 0.00174825 0.00229086
 87 1 1 0 0 1 -1 -1 100  5.0848 16.4882 26.3514 20.2112 19.3848 3.78252 2.82798 2.28087 1.00463 0.898215 0.819341 0.327981 0.165094 0.130171 0.106135 0.058429 0.0266809 0.0226077 0.00560104 0.0096763 0.00454268 0.00381202 0.00152186 0.00131693 0.00239719
 88 1 1 0 0 1 -1 -1 100  2.88306 37.882 15.8129 14.5964 11.1847 10.7272 2.09355 1.56534 1.26259 0.556369 0.497484 0.453838 0.181939 0.091803 0.0724781 0.0591775 0.0327789 0.0152107 0.0129568 0.00354594 0.00580104 0.00296028 0.00255596 0.00128867 0.00194858
 89 1 1 0 0 1 -1 -1 100  5.36415 22.0909 38.1275 9.19243 8.47715 6.49576 6.2301 1.21621 0.909467 0.733651 0.323522 0.289325 0.263978 0.106077 0.0537323 0.0425096 0.0347856 0.019455 0.00925257 0.00794363 0.00247841 0.00378805 0.00213831 0.00190351 0.00171857
 90 1 1 0 0 1 -1 -1 100  3.5253 38 20.1898 20.1259 4.84802 4.47078 3.42592 3.28583 0.641826 0.480067 0.387352 0.171077 0.153044 0.139677 0.0564107 0.0288075 0.0228894 0.0188162 0.0107319 0.00535177 0.00466153 0.00177951 0.00247013 0.00160016 0.00185541
 91 1 1 0 0 1 -1 -1 100  1.77285 27.1561 37.6353 11.5491 11.5016 2.77086 2.55528 1.95819 1.87813 0.367203 0.274765 0.221783 0.0981912 0.087886 0.0802478 0.0326646 0.0168906 0.0135087 0.0111811 0.00656126 0.00348675 0.00309231 0.00144535 0.00184002 0.00183184
 92 1 1 0 0 1 -1 -1 100  4.35549 15.7482 31.8177 25.4681 7.80817 7.77597 1.87355 1.72781 1.32415 1.27003 0.24857 0.186078 0.150259 0.0667057 0.0597389 0.0545751 0.0224067 0.0117428 0.00945643 0.00788285 0.00475961 0.00268109 0.00241443 0.001301 0.00213036
 93 1 1 0 0 1 -1 -1 100  3.44415 34.0637 15.9055 18.5604 14.8423 4.55068 4.53191 1.09224 1.00731 0.772074 0.740533 0.145273 0.108855 0.0879816 0.0392902 0.0352303 0.0322211 0.0134748 0.00726031 0.00592795 0.00501093 0.00319084 0.00197957 0.00182417 0.00183419
 94 1 1 0 0 1 -1 -1 100  2.81195 26.7654 34.2014 9.22382 10.7531 8.59898 2.63676 2.62588 0.633187 0.583984 0.447704 0.429432 0.0845811 0.0634832 0.0513907 0.0231825 0.0208305 0.0190872 0.00822691 0.00462668 0.00385481 0.00332356 0.00226912 0.00156739 0.00196079
 95 1 1 0 0 1 -1 -1 100  3.48408 23.4576 29.0016 21.4039 5.76718 6.72322 5.37647 1.64888 1.64208 0.396244 0.365482 0.28028 0.268856 0.0532549 0.0400645 0.0325043 0.0148684 0.013398 0.0123081 0.0055182 0.00326733 0.00278475 0.00245261 0.00179337 0.00195551
 96 1 1 0 0 1 -1 -1 100  3.0127 28.2386 24.5701 17.5447 12.9361 3.48585 4.06363 3.24972 0.99691 0.992802 0.239869 0.221278 0.169785 0.162881 0.0325806 0.0246089 0.0200398 0.00938143 0.00849274 0.00783407 0.00373053 0.00237019 0.00207854 0.00187781 0.00205702
 97 1 1 0 0 1 -1 -1 100  2.80006 24.8221 30.0886 15.1206 10.787 7.9535 2.14348 2.4987 1.9983 0.613283 0.610757 0.147856 0.136426 0.104768 0.100524 0.0204156 0.0155146 0.0127055 0.0061528 0.00560644 0.00520149 0.00267864 0.0018423 0.00166299 0.00218961
 98 1 1 0 0 1 -1 -1 100  3.59492 23.5662 27.1443 19.004 9.54123 6.80668 5.01884 1.35285 1.57699 1.26125 0.387335 0.385742 0.0936623 0.0864503 0.0664752 0.063797 0.0132507 0.0101583 0.00838584 0.00425121 0.00390648 0.00365097 0.0020591 0.00153138 0.00216904
 99 1 1 0 0 1 -1 -1 100  4.84744 28.1758 24.0544 16.0025 11.1929 5.61971 4.0092 2.95625 0.79717 0.929174 0.743221 0.228531 0.227593 0.0555732 0.0513257 0.0395614 0.0379841 0.00821492 0.00639366 0.00534979 0.0029147 0.00271167 0.00256119 0.00162366 0.00200152
 100 1 1 0 0 1 -1 -1 100  4.92312 34.0796 25.7108 12.6777 8.4261 5.89369 2.95933 2.11137 1.55698 0.420195 0.489697 0.39179 0.120798 0.120304 0.0297334 0.0274971 0.021303 0.0204726 0.00479865 0.00383973 0.00329012 0.00200801 0.00190111 0.00182188 0.00185571
 26 1 2 0 0 1 -1 -1 100  3.94819 12.8222 21.593 11.042 8.51656 6.28758 6.06955 5.16824 4.88557 3.37221 1.12503 3.33735 1.86962 3.0959 0.989415 0.831971 1.28756 1.09575 0.482335 0.41367 0.363479 0.138653 0.263234 0.15935 0.841505
 27 1 2 0 0 1 -1 -1 100  3.05965 21.9045 12.0852 16.3345 8.35065 6.44077 4.75513 4.59025 3.90865 3.69488 2.55042 0.85103 2.52406 1.41412 2.34147 0.748474 0.62941 0.973944 0.828892 0.365004 0.313077 0.275121 0.105099 0.199313 0.756386
 28 1 2 0 0 1 -1 -1 100  4.40308 17.0177 20.9606 9.28181 12.5417 6.41174 4.94536 3.65115 3.52456 3.00124 2.8371 1.95841 0.65364 1.93817 1.08597 1.79798 0.5749 0.483484 0.748014 0.636646 0.280478 0.24061 0.211468 0.0809262 0.733252
 29 1 2 0 0 1 -1 -1 100  12.8175 20.4075 14.1905 14.0283 6.21039 8.3914 4.29013 3.30904 2.44315 2.35845 2.00832 1.8985 1.31061 0.43765 1.29707 0.726903 1.20327 0.38497 0.323808 0.500794 0.426283 0.187987 0.161313 0.141816 0.544403
 30 1 2 0 0 1 -1 -1 100  2.90585 49.2515 13.1934 7.36342 7.27715 3.22188 4.3532 2.22582 1.71692 1.26777 1.22383 1.04222 0.985255 0.680308 0.227495 0.673284 0.377534 0.624634 0.20017 0.168445 0.26025 0.2216 0.0979929 0.084157 0.355919
 31 1 2 0 0 1 -1 -1 100  4.24996 15.4273 45.1357 9.70438 5.41468 5.35122 2.36934 3.20121 1.63693 1.26273 0.932465 0.90016 0.766614 0.72473 0.500501 0.167544 0.495336 0.277869 0.459564 0.147452 0.124124 0.19163 0.163211 0.0723203 0.323128
 32 1 2 0 0 1 -1 -1 100  5.26879 22.4056 13.9663 32.7953 7.0493 3.93335 3.88725 1.7213 2.32554 1.18929 0.917484 0.67759 0.654124 0.55712 0.526697 0.363823 0.121973 0.360072 0.20211 0.33409 0.107379 0.0904345 0.139469 0.118826 0.286796
 33 1 2 0 0 1 -1 -1 100  9.15184 24.7834 18.3997 9.20547 21.6093 4.64513 2.59202 2.56165 1.1345 1.53264 0.783966 0.604871 0.446805 0.431343 0.367428 0.347382 0.240064 0.0807089 0.237593 0.133512 0.220474 0.0710935 0.0599288 0.0922384 0.266953
 34 1 2 0 0 1 -1 -1 100  4.13901 39.3174 18.0105 10.7321 5.36799 12.6004 2.70891 1.51178 1.49407 0.661926 0.894071 0.457533 0.353106 0.26094 0.251925 0.214657 0.202969 0.140394 0.0474769 0.138954 0.0782657 0.128972 0.0418705 0.0353606 0.209276
 35 1 2 0 0 1 -1 -1 100  6.87615 20.4343 33.7434 12.4062 7.39058 3.69675 8.67704 1.86569 1.04133 1.02914 0.456118 0.615974 0.315371 0.243462 0.179996 0.173789 0.148126 0.140077 0.096988 0.0330043 0.0959963 0.0542059 0.0891231 0.0291439 0.168085
 36 1 2 0 0 1 -1 -1 100  6.76045 31.4618 16.0253 21.2391 7.80677 4.65076 2.32648 5.46024 1.17432 0.65561 0.647936 0.287374 0.387961 0.198812 0.153565 0.11363 0.109724 0.0935762 0.088512 0.0613988 0.0211381 0.060775 0.034479 0.0564503 0.123847
 37 1 2 0 0 1 -1 -1 100  5.92539 30.8527 24.5435 10.0339 13.2944 4.88678 2.91137 1.45656 3.41804 0.735402 0.410732 0.405929 0.180247 0.243205 0.124814 0.0964929 0.0714972 0.0690523 0.0589452 0.0557755 0.0388048 0.0136048 0.0384145 0.0219553 0.112602
 38 1 2 0 0 1 -1 -1 100  5.61195 28.1261 25.0554 15.9974 6.53836 8.66283 3.18453 1.89737 0.949429 2.22751 0.479528 0.267977 0.264847 0.117795 0.158818 0.0816758 0.0632222 0.0469352 0.0453422 0.0387565 0.0366912 0.0256333 0.00921315 0.0253791 0.0873748
 39 1 2 0 0 1 -1 -1 100  5.62838 27.1138 23.2665 16.6351 10.6182 4.34 5.75007 2.11398 1.25966 0.630495 1.47879 0.31861 0.178199 0.176121 0.0785195 0.105748 0.0545464 0.0422983 0.0314883 0.030431 0.02606 0.0246892 0.0173498 0.00645124 0.0745117
 40 1 2 0 0 1 -1 -1 100  7.39071 26.5621 22.0833 15.2093 10.8713 6.93926 2.8365 3.75796 1.38181 0.823525 0.412369 0.966718 0.208555 0.116798 0.11544 0.0516582 0.0694516 0.035992 0.027988 0.0209238 0.0202329 0.0173765 0.0164807 0.0116844 0.0526028
 41 1 2 0 0 1 -1 -1 100  10.3811 31.2061 19.4989 13.0112 8.95866 6.40356 4.08761 1.6711 2.21383 0.814293 0.485463 0.243294 0.569803 0.123249 0.0692041 0.0684045 0.0308373 0.0413177 0.0216101 0.0168958 0.012735 0.0123281 0.0106456 0.0101181 0.0376877
 42 1 2 0 0 1 -1 -1 100  3.25162 42.66 21.6142 10.8398 7.2312 4.97904 3.55909 2.27205 0.929122 1.23074 0.452971 0.27023 0.13565 0.3171 0.0689371 0.0389029 0.0384586 0.0175814 0.0234057 0.0124536 0.00983369 0.00752141 0.00729528 0.00636032 0.0264562
 43 1 2 0 0 1 -1 -1 100  8.52843 16.0347 37.3897 15.2047 7.62325 5.08552 3.50173 2.50317 1.59808 0.653686 0.865792 0.318841 0.190332 0.09569 0.223292 0.0487756 0.0276545 0.0273421 0.0126606 0.0167564 0.0090545 0.00721212 0.00558604 0.00542703 0.0226718
 44 1 2 0 0 1 -1 -1 100  8.52691 35.9706 11.6212 21.7488 8.84192 4.43331 2.95763 2.03666 1.456 0.929695 0.380534 0.503873 0.185823 0.111095 0.0560617 0.130262 0.0287812 0.0164994 0.0163178 0.00778049 0.0101622 0.00568359 0.00461225 0.00366669 0.0161767
 45 1 2 0 0 1 -1 -1 100  7.26723 35.4378 25.5958 6.63731 12.4176 5.04858 2.53156 1.68904 1.16323 0.83171 0.531223 0.217689 0.288107 0.106521 0.063857 0.0324365 0.0747999 0.0168612 0.00984906 0.00974536 0.00487112 0.00623095 0.00367394 0.00306227 0.0111877
 46 1 2 0 0 1 -1 -1 100  5.01761 32.6807 27.1149 15.7186 4.07514 7.62375 3.09978 1.55454 1.03731 0.714507 0.510984 0.326511 0.134028 0.177258 0.0657809 0.0395887 0.0202992 0.0463067 0.0107373 0.00643248 0.00636882 0.00337646 0.00421128 0.00264149 0.00852063
 47 1 2 0 0 1 -1 -1 100  6.12995 24.4764 27.428 18.2648 10.5852 2.74451 5.13412 2.0877 1.04715 0.698847 0.481471 0.34442 0.220197 0.0905801 0.119691 0.044623 0.0269854 0.0139959 0.0315093 0.007557 0.00465815 0.00461528 0.00260023 0.0031624 0.00716994
 48 1 2 0 0 1 -1 -1 100  8.76409 27.9218 19.3301 17.3853 11.574 6.70772 1.73943 3.25361 1.32324 0.663893 0.443191 0.305451 0.218608 0.139894 0.0577625 0.0762088 0.0286417 0.0174656 0.00923482 0.0203323 0.00515478 0.00331791 0.00329076 0.0020139 0.00627998
 49 1 2 0 0 1 -1 -1 100  7.65929 36.3817 19.8438 11.0261 9.91399 6.60016 3.82532 0.99229 1.85571 0.754972 0.378996 0.253147 0.174604 0.125085 0.0802004 0.0333671 0.0438856 0.0167618 0.010389 0.00569558 0.0120236 0.00336906 0.00232163 0.00230615 0.00458902
 50 1 2 0 0 1 -1 -1 100  12.4608 30.5951 25.4829 11.1558 6.19709 5.57204 3.70969 2.15025 0.558099 1.04334 0.424727 0.213431 0.142705 0.0985644 0.0707348 0.04551 0.01919 0.0251014 0.00985797 0.00627645 0.00363879 0.00719514 0.0023313 0.00174265 0.00375114
 51 1 2 0 0 1 -1 -1 100  4.82539 46.7539 19.4144 12.9786 5.68033 3.15564 2.83741 1.88922 1.09525 0.284638 0.531688 0.216734 0.109156 0.0731465 0.0506732 0.0365042 0.0236615 0.010261 0.0132708 0.00550979 0.00368631 0.00234339 0.00415406 0.00167769 0.00277885
 52 1 2 0 0 1 -1 -1 100  6.85885 22.8838 38.366 12.7867 8.5456 3.74033 2.07805 1.86852 1.24422 0.721467 0.18775 0.35041 0.143041 0.0722106 0.0485018 0.0337052 0.0243762 0.0159204 0.00709749 0.00907912 0.00396921 0.00276862 0.00188442 0.0030766 0.00261752
 53 1 2 0 0 1 -1 -1 100  9.0708 30.2995 17.5018 23.5505 7.84694 5.24436 2.29562 1.27557 1.14699 0.763896 0.44311 0.115598 0.215413 0.0881624 0.0446979 0.0301492 0.0210693 0.0153446 0.0101558 0.00474161 0.00595764 0.00282196 0.00208522 0.00154263 0.00326698
 54 1 2 0 0 1 -1 -1 100  5.59085 38.0695 21.6187 10.0228 13.4826 4.49262 3.0027 1.31462 0.730661 0.657054 0.43774 0.254098 0.0666044 0.123746 0.0508983 0.0260159 0.0176871 0.0124891 0.00921189 0.00624139 0.00314189 0.00383805 0.00204293 0.00162116 0.0026085
 55 1 2 0 0 1 -1 -1 100  6.72523 26.16 30.677 13.9821 6.48062 8.71755 2.90506 1.94175 0.85032 0.472763 0.425172 0.283374 0.16464 0.0434165 0.0803616 0.0332617 0.017174 0.011789 0.00842823 0.00630933 0.00438875 0.00238476 0.00283487 0.00167423 0.0024417
 56 1 2 0 0 1 -1 -1 100  7.59413 30.3249 20.2936 19.1002 8.70322 4.03408 5.4264 1.80856 1.20897 0.529638 0.294637 0.265015 0.176757 0.102854 0.027401 0.0503966 0.0210804 0.011067 0.00771527 0.00562344 0.00430459 0.00310916 0.00186182 0.00214199 0.00231709
 57 1 2 0 0 1 -1 -1 100  10.0187 31.789 22.0165 11.8254 11.1268 5.07025 2.35036 3.16142 1.05395 0.704672 0.308944 0.17205 0.154795 0.103382 0.060332 0.0163791 0.0297746 0.0126972 0.00686418 0.00491171 0.00369317 0.00292491 0.00222854 0.00150193 0.00243254
 58 1 2 0 0 1 -1 -1 100  6.15357 40.2238 21.7151 12.071 6.48186 6.09891 2.77939 1.28866 1.73319 0.578107 0.386674 0.16978 0.0947502 0.0852928 0.0571142 0.033519 0.00942897 0.0167709 0.00741101 0.00421398 0.00314386 0.00247599 0.00205491 0.00167324 0.00206031
 59 1 2 0 0 1 -1 -1 100  5.91738 28.3662 31.7472 13.756 7.64462 4.10514 3.86262 1.76047 0.816435 1.09794 0.366464 0.245235 0.107883 0.0603691 0.05438 0.0365354 0.0215932 0.00633773 0.0109872 0.00505982 0.00303524 0.00235756 0.00193462 0.00166796 0.00209789
 60 1 2 0 0 1 -1 -1 100  8.30527 27.1679 22.5664 20.2707 8.78092 4.87995 2.62069 2.46589 1.12408 0.521494 0.701182 0.234277 0.156896 0.0692237 0.0388954 0.0350725 0.0236823 0.0141447 0.00440701 0.00737477 0.00359132 0.00229902 0.00186645 0.00159649 0.00212724
 61 1 2 0 0 1 -1 -1 100  4.7211 36.4718 20.2345 13.4898 12.1139 5.24775 2.91659 1.56649 1.47398 0.672135 0.31204 0.419418 0.140403 0.094161 0.0417693 0.0236456 0.0213611 0.0145545 0.00885497 0.00303589 0.00480939 0.00254845 0.00177618 0.00151768 0.00203014
 62 1 2 0 0 1 -1 -1 100  9.80525 21.8851 29.7764 13.2591 8.83703 7.93574 3.43795 1.91089 1.02649 0.965893 0.440634 0.20475 0.275089 0.0923171 0.0620261 0.0277063 0.0158342 0.0143377 0.00987898 0.00614543 0.00233355 0.00349532 0.00201425 0.00150836 0.00201402
 63 1 2 0 0 1 -1 -1 100  6.50944 40.0728 15.2393 16.6414 7.40831 4.93766 4.43411 1.92121 1.06805 0.573938 0.540082 0.246622 0.114834 0.154132 0.0520184 0.0350949 0.0159206 0.00928771 0.00845165 0.00596056 0.00387463 0.00174495 0.00239403 0.00156655 0.0018506
 64 1 2 0 0 1 -1 -1 100  2.63248 30.9031 32.1104 9.80103 10.6996 4.76337 3.17492 2.85117 1.23556 0.687037 0.369358 0.347591 0.158917 0.0741871 0.0994531 0.0338011 0.0229205 0.0105928 0.00632833 0.00579081 0.00418921 0.00284811 0.00147886 0.00189618 0.00191122
 65 1 2 0 0 1 -1 -1 100  3.56885 14.8514 29.926 24.9571 7.61556 8.31373 3.70132 2.46711 2.21556 0.960239 0.534043 0.28721 0.270297 0.1237 0.0578655 0.077497 0.0264861 0.018032 0.00845349 0.00514002 0.00472237 0.00347795 0.00243592 0.00137202 0.00240449
 66 1 2 0 0 1 -1 -1 100  12.6378 17.1473 12.9828 20.9966 17.5053 5.34185 5.83154 2.5964 1.73072 1.55429 0.673809 0.374875 0.201747 0.189884 0.0870613 0.0408853 0.0546548 0.0188759 0.0129462 0.00622781 0.00390374 0.00361081 0.00273797 0.00200709 0.00224617
 67 1 2 0 0 1 -1 -1 100  8.10599 46.1333 10.6753 6.48742 10.4885 8.74451 2.66879 2.91339 1.29742 0.865008 0.776877 0.337072 0.187753 0.101274 0.0953489 0.0439881 0.0209229 0.0278009 0.00992901 0.00696709 0.00361122 0.00245032 0.002304 0.00186801 0.00212554
 68 1 2 0 0 1 -1 -1 100  10.6547 32.1736 31.8289 5.91175 3.59171 5.80656 4.84114 1.47781 1.61321 0.718658 0.479289 0.430501 0.187039 0.104381 0.0565087 0.0532286 0.0247968 0.0120286 0.0158361 0.00594274 0.00430311 0.00244539 0.00180275 0.00172175 0.00210362
 69 1 2 0 0 1 -1 -1 100  3.31439 43.2625 22.0173 17.4819 3.24643 1.97255 3.18866 2.65858 0.811871 0.886218 0.395044 0.263613 0.236826 0.103148 0.057763 0.031478 0.029677 0.014066 0.00705537 0.00914596 0.00371381 0.00281354 0.00179351 0.00144066 0.0020023
 70 1 2 0 0 1 -1 -1 100  10.154 15.8202 37.1786 15.1863 12.0546 2.2388 1.36043 2.19897 1.83346 0.560115 0.611378 0.272703 0.182078 0.163607 0.0714335 0.0401394 0.0220153 0.0207735 0.0100093 0.00517526 0.00661678 0.00287117 0.00225041 0.00154707 0.00199507
 71 1 2 0 0 1 -1 -1 100  6.80578 41.1957 10.9339 20.623 8.42167 6.68503 1.24192 0.754839 1.21983 1.01715 0.311043 0.33947 0.151666 0.101412 0.0911697 0.0400571 0.0227037 0.0126534 0.0119648 0.00599578 0.00331519 0.00411456 0.00203751 0.00169328 0.0018552
 72 1 2 0 0 1 -1 -1 100  9.03041 29.2411 30.6635 6.53233 12.317 5.03002 3.99285 0.742105 0.45121 0.728911 0.607866 0.186164 0.203142 0.0909808 0.0609683 0.0548513 0.0243257 0.0139618 0.00795959 0.00754835 0.00398351 0.00238259 0.00286 0.00161953 0.00192485
 73 1 2 0 0 1 -1 -1 100  9.09783 36.3356 20.2513 17.0445 3.63032 6.84472 2.7955 2.21918 0.412814 0.251171 0.405483 0.33822 0.103891 0.113325 0.051 0.0343228 0.0309238 0.0139614 0.00820249 0.00486718 0.00463867 0.00265776 0.00176817 0.00203346 0.00185822
 74 1 2 0 0 1 -1 -1 100  6.29905 37.4586 25.5019 11.4079 9.59869 2.04477 3.85488 1.57466 1.25011 0.232903 0.141877 0.228775 0.190897 0.0589406 0.064253 0.0291562 0.0197649 0.0178508 0.00829883 0.00505582 0.00317761 0.00304893 0.00193343 0.00143247 0.0020653
 75 1 2 0 0 1 -1 -1 100  5.15434 29.3016 29.7237 16.2416 7.26351 6.11162 1.30222 2.45467 1.00291 0.79628 0.148647 0.0906931 0.146018 0.121903 0.0378893 0.0412716 0.0189263 0.0129471 0.0117284 0.00564691 0.00358216 0.00238635 0.00230443 0.00159421 0.00195369
 76 1 2 0 0 1 -1 -1 100  6.91828 24.8722 24.4016 19.8671 10.8527 4.85367 4.084 0.870449 1.6405 0.670458 0.532391 0.0996548 0.0609311 0.0978983 0.0817848 0.0256486 0.0279086 0.0129779 0.00898273 0.00816847 0.00410491 0.00272528 0.00192626 0.00187152 0.00203438
 77 1 2 0 0 1 -1 -1 100  10.2149 29.9068 18.7059 14.7295 11.9889 6.54929 2.92926 2.46481 0.525653 0.990324 0.404972 0.321658 0.0605313 0.0371642 0.0594714 0.049748 0.0158737 0.0172374 0.00822779 0.00581695 0.00532561 0.00287352 0.002041 0.00155884 0.00215015
 78 1 2 0 0 1 -1 -1 100  6.11494 40.8496 20.3431 10.2126 8.03942 6.54365 3.57487 1.59916 1.34568 0.287341 0.540944 0.221476 0.176005 0.0334903 0.0207372 0.0329119 0.0276052 0.00911752 0.00986184 0.00494462 0.00362885 0.00336069 0.00202241 0.00156804 0.00193276
 79 1 2 0 0 1 -1 -1 100  4.4749 28.7613 32.6945 13.0681 6.55871 5.16309 4.20254 2.29606 1.0273 0.86452 0.184881 0.347739 0.142584 0.113384 0.0218644 0.0136747 0.021493 0.0180852 0.0062128 0.0066908 0.00353307 0.00268811 0.00251591 0.00165648 0.00196387
 80 1 2 0 0 1 -1 -1 100  6.90462 22.219 24.7557 22.5862 9.02535 4.52983 3.566 2.90263 1.58599 0.709775 0.597357 0.12799 0.240462 0.0987795 0.0786137 0.0154091 0.00975323 0.0151526 0.0127992 0.00459996 0.00493007 0.0027493 0.00216576 0.00204684 0.00211915
 81 1 2 0 0 1 -1 -1 100  5.44 32.0184 17.5673 15.7094 14.3286 5.72582 2.87397 2.26254 1.84172 1.00648 0.450628 0.379313 0.081559 0.152908 0.0630286 0.050236 0.0101407 0.00655273 0.00997799 0.00848501 0.00328364 0.00349306 0.00210963 0.00173944 0.00237414
 82 1 2 0 0 1 -1 -1 100  5.1517 26.4882 26.6239 11.7242 10.4813 9.55995 3.82044 1.91777 1.50984 1.22908 0.671826 0.300979 0.253399 0.0547466 0.102349 0.0423837 0.0338488 0.00709834 0.00470455 0.0069898 0.00599373 0.00252351 0.00266323 0.00174024 0.00241023
 83 1 2 0 0 1 -1 -1 100  15.3254 21.9272 20.4302 16.4814 7.25591 6.48668 5.91653 2.36465 1.18719 0.93474 0.760991 0.416139 0.186641 0.157196 0.0342608 0.0637192 0.0266101 0.0213283 0.00477385 0.00329247 0.0047067 0.00409029 0.00194273 0.0020292 0.0023309
 84 1 2 0 0 1 -1 -1 100  7.343 51.4272 12.5048 9.35134 7.54181 3.32056 2.96859 2.70771 1.08251 0.543752 0.428242 0.348741 0.190951 0.0859416 0.0724691 0.0162187 0.0296977 0.012718 0.0103013 0.00272664 0.00204881 0.00269591 0.00241387 0.00143123 0.00207989
 85 1 2 0 0 1 -1 -1 100  5.66686 31.8201 38.0357 7.42327 5.54975 4.4759 1.97091 1.76204 1.60723 0.642795 0.323082 0.254535 0.207358 0.113721 0.0514062 0.0434114 0.010031 0.0180298 0.00795368 0.00651955 0.00202453 0.00162229 0.0020063 0.00183893 0.0018968
 86 1 2 0 0 1 -1 -1 100  4.29569 27.6536 26.4087 25.336 4.94356 3.69594 2.98086 1.31277 1.17369 1.0706 0.428374 0.215476 0.16983 0.138414 0.0760614 0.0345657 0.0292419 0.00701375 0.0123402 0.00563043 0.00467543 0.00168216 0.00141431 0.00167003 0.00215593
 87 1 2 0 0 1 -1 -1 100  11.35 20.0603 23.0556 17.6715 16.9488 3.3073 2.47272 1.99436 0.878504 0.785462 0.7165 0.28689 0.144472 0.113938 0.0929225 0.0512119 0.0234535 0.0198922 0.00502279 0.00858592 0.00409744 0.0034586 0.00145625 0.00127707 0.00222157
 88 1 2 0 0 1 -1 -1 100  6.26068 44.1334 13.2482 12.2208 9.36431 8.98132 1.75294 1.31071 1.05724 0.465971 0.41667 0.380128 0.152487 0.0770228 0.0608433 0.0497077 0.0276061 0.0128976 0.0110105 0.00313148 0.00501952 0.00264116 0.00230265 0.00124164 0.00179413
 89 1 2 0 0 1 -1 -1 100  11.7223 26.2659 32.6005 7.8547 7.24349 5.55048 5.32349 1.03935 0.777244 0.627017 0.27658 0.24736 0.225703 0.0907835 0.0460573 0.0364681 0.0298682 0.0167689 0.0080514 0.00693298 0.0022632 0.00338222 0.0019726 0.00177197 0.00161395
 90 1 2 0 0 1 -1 -1 100  7.46925 43.9327 16.7858 16.7216 4.02806 3.71464 2.84653 2.73014 0.533419 0.399024 0.321994 0.142305 0.127323 0.116218 0.047037 0.0241033 0.0191864 0.0158023 0.00908552 0.00461555 0.00404207 0.0016476 0.00222139 0.00149859 0.00171066
 91 1 2 0 0 1 -1 -1 100  4.06328 33.2936 33.1815 10.1757 10.1337 2.44141 2.25147 1.7254 1.65486 0.323647 0.242203 0.195523 0.0866312 0.0775516 0.070822 0.0288984 0.0150006 0.0120209 0.00997012 0.00589976 0.00319094 0.00284341 0.00139235 0.00174007 0.00173287
 92 1 2 0 0 1 -1 -1 100  9.86662 19.3958 28.1809 22.542 6.91108 6.88258 1.65839 1.52939 1.17211 1.12421 0.220123 0.164811 0.133108 0.0591556 0.0529894 0.048419 0.0199469 0.0105083 0.00848469 0.00709193 0.00432757 0.00248789 0.00225187 0.00126638 0.00200045
 93 1 2 0 0 1 -1 -1 100  7.42694 39.9244 13.4061 15.6333 12.5015 3.8331 3.8173 0.92013 0.848595 0.65046 0.623894 0.122518 0.0918439 0.0742627 0.033251 0.0298314 0.0272969 0.0115072 0.00627289 0.00515066 0.00437828 0.00284526 0.00182503 0.00169414 0.00170258
 94 1 2 0 0 1 -1 -1 100  6.29043 32.4083 29.7806 8.02626 9.35689 7.48252 2.2945 2.28504 0.551096 0.508282 0.389699 0.373799 0.0737278 0.0553696 0.0448473 0.020302 0.0182554 0.0167385 0.00728844 0.00415571 0.00348407 0.0030218 0.00210429 0.00149368 0.001836
 95 1 2 0 0 1 -1 -1 100  7.78201 28.472 25.3141 18.67 5.03061 5.86452 4.68981 1.43838 1.43245 0.345755 0.318923 0.244604 0.23464 0.0465798 0.0350743 0.0284798 0.0130968 0.0118142 0.0108635 0.004941 0.00297766 0.00255673 0.00226702 0.00169199 0.00183342
 96 1 2 0 0 1 -1 -1 100  6.66644 33.9384 21.2355 15.1534 11.173 3.01083 3.50986 2.80688 0.861158 0.85761 0.207309 0.191252 0.146778 0.140815 0.0282758 0.0213907 0.0174444 0.00823892 0.00747137 0.00690248 0.00335829 0.00218338 0.00193149 0.00175812 0.0019129
 97 1 2 0 0 1 -1 -1 100  6.30836 30.2608 26.3786 13.2474 9.45055 6.96817 1.87802 2.18923 1.75083 0.53742 0.535207 0.12966 0.119646 0.0919112 0.0881925 0.0180099 0.0137162 0.0112552 0.00551432 0.00503566 0.00468088 0.00247062 0.0017379 0.00158082 0.00204218
 98 1 2 0 0 1 -1 -1 100  8.06012 28.5363 23.6371 16.5375 8.30292 5.92331 4.36753 1.17738 1.37243 1.09767 0.33719 0.335803 0.0816348 0.0753589 0.0579766 0.055646 0.0116605 0.0089695 0.00742713 0.00382917 0.00352918 0.00330684 0.00192159 0.00146238 0.00201726
 99 1 2 0 0 1 -1 -1 100  10.4982 33.041 20.2852 13.486 9.43274 4.73605 3.37883 2.49148 0.671956 0.7832 0.626492 0.192747 0.191956 0.0469904 0.0434109 0.0334968 0.0321676 0.00708018 0.00554536 0.00466566 0.00261354 0.00244244 0.00231562 0.00152553 0.00184397
 100 1 2 0 0 1 -1 -1 100  10.4609 39.1561 21.2436 10.468 6.95749 4.86651 2.44365 1.7435 1.28575 0.347123 0.40451 0.323669 0.0999156 0.0995075 0.0247247 0.0228782 0.0177639 0.0170782 0.00413644 0.00334468 0.00289087 0.00183225 0.00174399 0.00167857 0.0017065

0 #_N_MeanSize-at-Age_obs
#Yr Seas Flt/Svy Gender Part Ageerr Ignore datavector(female-male)
#                                          samplesize(female-male)

0 #_N_environ_variables
0 #_N_environ_obs
0 # N sizefreq methods to read 

0 # do tags (0/1)

0 # no morphcomp data 

999

