#C data file created using the SS_writedat function in the R package r4ss
#C should work with SS version: 
#C file write time: 2014-11-03 17:59:43
#
1 #_styr
100 #_endyr
1 #_nseas
12 #_months_per_seas
1 #_spawn_seas
1 #_Nfleet
2 #_Nsurveys
1 #_N_areas
Fishery%Survey%CPUE #_fleetnames
0.5 0.5 0.5 #_surveytiming_in_season
1 1 1 #_area_assignments_for_each_fishery_and_survey
1 #_units of catch:  1=bio; 2=num
0.01 #_se of log(catch) only used for init_eq_catch and for Fmethod 2 and 3
1 #_Ngenders
25 #_Nages
0 #_init_equil_catch_for_each_fishery
100 #_N_lines_of_catch_to_read
 #_Fishery year seas
         0    1    1
         0    2    1
         0    3    1
         0    4    1
         0    5    1
         0    6    1
         0    7    1
         0    8    1
         0    9    1
         0   10    1
         0   11    1
         0   12    1
         0   13    1
         0   14    1
         0   15    1
         0   16    1
         0   17    1
         0   18    1
         0   19    1
         0   20    1
         0   21    1
         0   22    1
         0   23    1
         0   24    1
         0   25    1
 870129000   26    1
 648975000   27    1
 506516000   28    1
 409406000   29    1
 337636000   30    1
 291892000   31    1
 264026000   32    1
 234339000   33    1
 204445000   34    1
 187337000   35    1
 179149000   36    1
 163443000   37    1
 141514000   38    1
 124240000   39    1
 123148000   40    1
 131332000   41    1
 129933000   42    1
 123593000   43    1
 116189000   44    1
 111888000   45    1
 108608000   46    1
 110999000   47    1
 106031000   48    1
  98024800   49    1
  92249300   50    1
  90914800   51    1
  95756700   52    1
 100421000   53    1
 103329000   54    1
 110284000   55    1
 117124000   56    1
 117622000   57    1
 113969000   58    1
 105334000   59    1
 100235000   60    1
  97296400   61    1
  93393400   62    1
  93212000   63    1
  93415200   64    1
  91890200   65    1
  86899000   66    1
  85503400   67    1
  90452200   68    1
  93280800   69    1
  92066300   70    1
  95095100   71    1
  95886500   72    1
  99794000   73    1
 104146000   74    1
 102544000   75    1
  98401300   76    1
  93707700   77    1
  92233900   78    1
  89579300   79    1
  85410000   80    1
  84982700   81    1
  84862700   82    1
  87743700   83    1
  93824500   84    1
  91811200   85    1
  87442100   86    1
  82868800   87    1
  83694200   88    1
  86630600   89    1
  87169600   90    1
  91313800   91    1
  96348600   92    1
  95714900   93    1
  91701900   94    1
  93874500   95    1
  96504100   96    1
  95374300   97    1
  96268400   98    1
  92283900   99    1
  91616400  100    1
7 #_N_cpue
 #_Fleet Units Errtype
       1     1       0
       2     1       0
       3     1       0
 #_year seas index       obs se_log
     88    1     2 217971005    0.2
     90    1     2 276710518    0.2
     92    1     2 310894480    0.2
     94    1     2 244260855    0.2
     96    1     2 280079962    0.2
     98    1     2 290938340    0.2
    100    1     2 211175122    0.2
0 #_N_discard_fleets
#_discard_units (1=same_as_catchunits(bio/num); 2=fraction; 3=numbers)
#_discard_errtype:  >0 for DF of T-dist(read CV below); 0 for normal with CV; -1 for normal with se; -2 for lognormal
0 #_N_discard
0 #_N_meanbodywt
1 #_DF_for_meanbodywt_T-distribution_like
2 # length bin method: 1=use databins; 2=generate from binwidth,min,max below; 3=read vector
1 # binwidth for population size comp
10 # minimum size in the population (lower edge of first bin and size at age 0.00)
200 # maximum size in the population (lower edge of last bin)
-0.001 #_comp_tail_compression
1e-05 #_add_to_comp
-1 #_combine males into females at or below this bin number
21 #_N_lbins
#_lbin_vector
10 53 70 83 94 101 107 111 114 117 120 123 125 127 130 132 135 138 142 148 200
36 #_N_Length_comp_observations
 #_Yr Seas FltSvy Gender Part Nsamp         l10        l53         l70        l83          l94         l101         l107         l111         l114         l117         l120         l123          l125         l127         l130         l132          l135          l138         l142          l148          l200
   26    1      1      0    0   5.0 0.005096263 0.01101700 0.004024977 0.26595206 0.1388857173 0.0956984244 3.949665e-01 3.086140e-02 2.070061e-02 3.182517e-03 1.384077e-02 2.510205e-08  1.371466e-03 2.086281e-09 1.414419e-02 2.426709e-04  6.138390e-08  3.168261e-12 5.330212e-12  1.532921e-05  0.000000e+00
   36    1      1      0    0   5.0 0.592158968 0.03311167 0.117817357 0.06224107 0.0299822504 0.0067922717 4.975837e-10 1.578364e-01 2.959888e-09 1.468769e-48 1.588409e-07 5.981153e-05  3.805185e-40 4.808762e-37 2.514596e-25 5.969088e-68  1.125315e-62  2.290470e-14 1.074720e-08 1.784123e-107  0.000000e+00
   46    1      1      0    0   7.5 0.364009380 0.15222878 0.218447574 0.04910710 0.0070406975 0.0190278493 4.575258e-09 6.075591e-02 5.205257e-02 5.514228e-44 5.057030e-02 3.534742e-07 8.942841e-113 6.790456e-14 2.199797e-82 3.919144e-13  8.887936e-45  4.118519e-28 2.675949e-02  2.513025e-84  0.000000e+00
   51    1      1      0    0  10.0 0.267663190 0.25329320 0.171963689 0.13844385 0.0000485814 0.0002443312 1.262880e-08 1.544149e-03 2.270043e-04 1.105637e-07 2.879822e-11 8.094245e-08  9.995259e-16 4.763851e-13 3.785546e-20 5.119467e-19  1.644373e-01  1.819460e-03 3.813645e-10  3.150463e-04 1.908496e-244
   56    1      1      0    0  12.5 0.213415032 0.54814359 0.123335967 0.04725453 0.0603208799 0.0021530173 6.952059e-04 4.658528e-03 2.205686e-05 1.001250e-06 7.327571e-29 1.867155e-07  9.403385e-18 1.218825e-19 8.121882e-55 3.851030e-19 2.957664e-194 3.519644e-154 1.920287e-41  0.000000e+00  0.000000e+00
   61    1      1      0    0  15.0 0.231161788 0.26210084 0.070781277 0.29848722 0.0470526005 0.0756835095 2.393598e-03 1.197485e-03 3.077739e-06 6.628244e-06 1.110011e-02 1.436692e-05  1.918617e-36 1.792458e-18 1.178105e-25 1.749422e-05 3.460435e-136  6.302522e-53 4.043085e-24 3.158543e-213 6.245264e-242
   66    1      1      0    0  17.5 0.207553460 0.19011183 0.237910634 0.14568061 0.1261236725 0.0798827778 3.318082e-03 3.283664e-03 3.784931e-03 2.475815e-05 1.687224e-10 1.207003e-06  4.801292e-07 2.323895e-03 1.005176e-24 4.468372e-40  2.648297e-10  5.536060e-19 5.549414e-25  5.098070e-97  0.000000e+00
   71    1      1      0    0  20.0 0.318007623 0.16013785 0.436628634 0.04467233 0.0257160865 0.0094551693 3.204894e-05 4.454373e-03 7.447016e-04 2.427514e-28 1.218366e-14 1.523225e-14  1.509636e-04 2.146770e-07 9.791968e-36 1.830601e-09  1.303623e-49  5.876703e-58 1.987173e-21  1.039667e-38  0.000000e+00
   76    1      1      0    0  22.5 0.265107454 0.39078914 0.149150165 0.09938707 0.0868574204 0.0017580134 5.115606e-03 4.109781e-06 4.352998e-12 2.603838e-10 8.499839e-04 2.001032e-20  1.280305e-48 7.236710e-07 8.408087e-04 1.183069e-23  1.134945e-08  1.394913e-04 1.386507e-14  3.694520e-50  0.000000e+00
   81    1      1      0    0  25.0 0.332169526 0.29261660 0.245976362 0.03069273 0.0058598014 0.0047106450 3.167948e-03 3.856388e-03 7.620252e-03 5.397541e-06 4.537448e-03 1.909025e-06  1.060753e-05 6.876934e-02 1.358640e-10 6.599481e-14  5.905362e-24  4.999073e-06 1.079858e-21  4.110072e-08  0.000000e+00
   82    1      1      0    0  25.0 0.411650409 0.25661127 0.110793668 0.09225961 0.0988690032 0.0127494988 4.501610e-03 3.679326e-03 4.111208e-04 2.221738e-10 8.661503e-04 1.164410e-16  1.012046e-52 3.841356e-09 7.925229e-14 2.137079e-19  4.771051e-03  1.396856e-13 2.837282e-03  3.075958e-64  0.000000e+00
   83    1      1      0    0  25.0 0.373891941 0.23755437 0.289722247 0.06716724 0.0021575160 0.0118063238 7.364570e-06 1.257031e-04 9.888681e-13 1.200675e-03 2.740518e-05 3.381022e-10  6.297109e-08 6.733001e-29 1.202267e-19 2.290723e-07  9.317064e-31  2.301110e-15 2.666965e-09  1.633892e-02  0.000000e+00
   84    1      1      0    0  25.0 0.227575930 0.29729403 0.212878931 0.14855602 0.0172362982 0.0277735247 3.690097e-02 2.493751e-08 1.495683e-04 8.939949e-04 2.377626e-09 6.774273e-16  3.073979e-02 6.238222e-12 8.646230e-07 5.808483e-13  5.939060e-28  9.650359e-11 4.917586e-08  3.611895e-14  0.000000e+00
   85    1      1      0    0  25.0 0.170986850 0.31119732 0.291065614 0.15474682 0.0220527351 0.0003357049 8.376886e-04 4.739743e-06 8.346435e-04 2.211375e-02 2.181888e-03 8.227031e-06  7.595358e-09 4.748031e-11 3.924895e-64 1.246286e-02  3.222508e-48  1.117115e-02 9.907391e-63  5.891176e-97  3.882892e-72
   86    1      1      0    0  25.0 0.135261147 0.43624071 0.244955657 0.14318475 0.0089365802 0.0106829993 2.914427e-04 2.197841e-03 5.208791e-05 5.623377e-05 1.672159e-05 1.607603e-13  1.273376e-03 1.685014e-02 2.591685e-07 5.195941e-08  1.684614e-31  2.220203e-18 8.539313e-26  3.107452e-40  0.000000e+00
   87    1      1      0    0  25.0 0.113864627 0.29317968 0.148963662 0.20283404 0.0423600154 0.0342935436 1.244241e-01 1.557842e-03 3.060403e-02 1.821034e-06 5.028067e-04 1.198055e-15  3.998015e-10 1.903168e-07 4.047161e-04 1.252694e-26  2.677388e-34  7.008888e-03 5.267518e-12  5.783770e-20  0.000000e+00
   88    1      1      0    0  25.0 0.246784108 0.29160682 0.228425257 0.08612812 0.0550839799 0.0257779728 4.945352e-03 2.616077e-02 7.647018e-03 7.947701e-10 2.382155e-02 2.038496e-09  3.619008e-03 3.866712e-08 5.209815e-42 2.012308e-13 4.146989e-114  1.769779e-31 9.710794e-10  4.510128e-46  0.000000e+00
   89    1      1      0    0  25.0 0.120324065 0.35304854 0.272228223 0.11957749 0.0057511372 0.1258660702 2.511877e-03 5.102945e-05 5.600149e-05 1.892160e-11 3.769634e-14 1.192733e-11  2.303381e-18 1.647458e-09 2.340060e-22 3.605818e-16  5.855700e-04  1.528570e-25 2.583681e-20  2.124464e-64  0.000000e+00
   90    1      1      0    0  25.0 0.347948644 0.26041147 0.052710705 0.20370758 0.0749256620 0.0450347129 9.691969e-03 3.947277e-04 1.349116e-04 4.142179e-13 4.513569e-03 1.764897e-13  1.697525e-38 3.322981e-05 5.608767e-11 7.956365e-05  1.274733e-24  4.123320e-04 3.461717e-44  9.247192e-07  0.000000e+00
   91    1      1      0    0  25.0 0.257559634 0.36014320 0.103609877 0.15230888 0.1001391255 0.0073330594 1.294201e-04 1.509333e-06 2.288159e-05 7.668893e-06 4.482092e-05 5.089740e-17  5.888262e-18 8.446642e-12 2.905200e-21 1.869992e-02  8.480300e-20  3.877416e-28 1.763351e-22 1.026283e-118  0.000000e+00
   92    1      1      0    0  25.0 0.224970598 0.34371612 0.173430796 0.13086815 0.0736761202 0.0264166788 2.685097e-02 1.124361e-06 6.820430e-08 8.829270e-08 6.672050e-05 9.406622e-22  9.005756e-13 9.325790e-12 6.693706e-21 2.557156e-06  2.692353e-09  6.849181e-10 5.756523e-40  3.535445e-67  0.000000e+00
   93    1      1      0    0  25.0 0.306016594 0.22913686 0.120223107 0.16728380 0.0166064081 0.1079239201 1.792503e-02 2.815872e-02 2.634582e-03 8.830281e-04 9.832352e-09 1.956349e-07  3.207069e-03 2.934396e-15 2.402632e-33 3.574732e-11  9.074850e-35  6.786753e-07 7.311645e-92 1.811894e-234  0.000000e+00
   94    1      1      0    0  25.0 0.164235580 0.36864097 0.206640534 0.20215725 0.0424015324 0.0003828120 6.404514e-03 9.779062e-08 8.203514e-03 2.363661e-04 6.907031e-04 2.000264e-34  6.125898e-06 4.299338e-16 1.969520e-27 2.708600e-23  7.671977e-36  4.541708e-09 5.289258e-37  2.805861e-09  0.000000e+00
   95    1      1      0    0  25.0 0.423724674 0.13074162 0.182115206 0.15855224 0.0471664331 0.0004025537 5.048093e-07 1.965291e-02 2.919292e-04 2.120440e-04 3.712926e-02 5.508776e-07  1.475216e-06 5.741316e-09 1.266358e-08 8.575555e-06  1.126364e-52  2.717127e-14 9.582210e-19  1.113942e-25  0.000000e+00
   96    1      1      0    0  25.0 0.237814322 0.47848640 0.039651792 0.12706769 0.0423781599 0.0435719785 1.417533e-02 2.992211e-04 1.596250e-02 5.925859e-04 1.830710e-10 5.371343e-29  2.315993e-29 1.228975e-10 7.166087e-15 1.952820e-13  2.269477e-08  5.417148e-22 1.158054e-41  3.746250e-55  0.000000e+00
   97    1      1      0    0  25.0 0.277234235 0.10199283 0.182173543 0.10414073 0.0571021604 0.0828160751 1.290567e-01 6.013086e-03 1.353459e-03 5.606360e-02 3.303306e-15 2.053613e-03  1.533999e-28 9.575372e-17 9.484185e-11 2.510879e-46  6.657115e-34  1.278045e-23 5.448108e-40  0.000000e+00  0.000000e+00
   98    1      1      0    0  25.0 0.160111613 0.35499871 0.202043145 0.18572915 0.0451107458 0.0008289757 3.074230e-04 3.290275e-04 3.664867e-02 1.281919e-03 4.389198e-09 4.101381e-04  4.393298e-14 2.160217e-16 3.300954e-31 1.933212e-10  8.618525e-06  1.219185e-02 1.013238e-15  1.517222e-39  0.000000e+00
   99    1      1      0    0  25.0 0.246933755 0.15143402 0.203098411 0.23933343 0.0618744200 0.0418243810 5.298786e-02 6.337984e-04 1.552110e-12 2.344995e-05 1.040066e-12 8.372792e-05  4.457456e-18 3.905967e-06 1.779498e-16 7.735595e-16  9.251810e-18  1.110963e-49 4.542290e-21  1.768840e-03  0.000000e+00
  100    1      1      0    0  25.0 0.282425125 0.28650599 0.156088044 0.19583457 0.0233627155 0.0137627003 2.050653e-02 6.234925e-03 5.056302e-03 2.287365e-06 2.524838e-03 3.638821e-17  6.358437e-14 7.695971e-03 3.087656e-18 2.117657e-15  1.863792e-42  3.381330e-16 3.014908e-10  1.352284e-89  0.000000e+00
   88    1      2      0    0 100.0 0.380000000 0.29000000 0.160000000 0.06000000 0.0400000000 0.0200000000 1.000000e-02 1.000000e-02 1.000000e-02 1.000000e-02 0.000000e+00 1.000000e-02  0.000000e+00 0.000000e+00 0.000000e+00 0.000000e+00  0.000000e+00  0.000000e+00 0.000000e+00  0.000000e+00  0.000000e+00
   90    1      2      0    0 100.0 0.400000000 0.28000000 0.190000000 0.06000000 0.0300000000 0.0200000000 0.000000e+00 1.000000e-02 0.000000e+00 1.000000e-02 0.000000e+00 0.000000e+00  0.000000e+00 0.000000e+00 0.000000e+00 0.000000e+00  0.000000e+00  0.000000e+00 0.000000e+00  0.000000e+00  0.000000e+00
   92    1      2      0    0 100.0 0.310000000 0.25000000 0.190000000 0.13000000 0.0400000000 0.0300000000 2.000000e-02 1.000000e-02 0.000000e+00 1.000000e-02 0.000000e+00 0.000000e+00  0.000000e+00 1.000000e-02 0.000000e+00 0.000000e+00  0.000000e+00  0.000000e+00 0.000000e+00  0.000000e+00  0.000000e+00
   94    1      2      0    0 100.0 0.450000000 0.20000000 0.140000000 0.10000000 0.0200000000 0.0100000000 2.000000e-02 0.000000e+00 4.000000e-02 1.000000e-02 0.000000e+00 1.000000e-02  0.000000e+00 0.000000e+00 0.000000e+00 0.000000e+00  0.000000e+00  0.000000e+00 0.000000e+00  0.000000e+00  0.000000e+00
   96    1      2      0    0 100.0 0.210000000 0.42000000 0.200000000 0.11000000 0.0300000000 0.0100000000 2.000000e-02 0.000000e+00 0.000000e+00 0.000000e+00 0.000000e+00 0.000000e+00  0.000000e+00 0.000000e+00 0.000000e+00 0.000000e+00  0.000000e+00  0.000000e+00 0.000000e+00  0.000000e+00  0.000000e+00
   98    1      2      0    0 100.0 0.330000000 0.40000000 0.070000000 0.06000000 0.0600000000 0.0400000000 1.000000e-02 1.000000e-02 1.000000e-02 0.000000e+00 0.000000e+00 1.000000e-02  0.000000e+00 0.000000e+00 0.000000e+00 0.000000e+00  0.000000e+00  0.000000e+00 0.000000e+00  0.000000e+00  0.000000e+00
  100    1      2      0    0 100.0 0.400000000 0.24000000 0.110000000 0.13000000 0.0400000000 0.0300000000 0.000000e+00 2.000000e-02 1.000000e-02 1.000000e-02 1.000000e-02 0.000000e+00  0.000000e+00 0.000000e+00 0.000000e+00 0.000000e+00  0.000000e+00  0.000000e+00 0.000000e+00  0.000000e+00  0.000000e+00
25 #_N_agebins
#_agebin_vector
1 2 3 4 5 6 7 8 9 10 11 12 13 14 15 16 17 18 19 20 21 22 23 24 25
1 #_N_ageerror_definitions
 #_age0   age1   age2   age3   age4   age5   age6   age7   age8   age9  age10  age11  age12  age13  age14  age15  age16  age17  age18  age19  age20  age21  age22  age23  age24  age25
 -1.000 -1.000 -1.000 -1.000 -1.000 -1.000 -1.000 -1.000 -1.000 -1.000 -1.000 -1.000 -1.000 -1.000 -1.000 -1.000 -1.000 -1.000 -1.000 -1.000 -1.000 -1.000 -1.000 -1.000 -1.000 -1.000
  0.001  0.001  0.001  0.001  0.001  0.001  0.001  0.001  0.001  0.001  0.001  0.001  0.001  0.001  0.001  0.001  0.001  0.001  0.001  0.001  0.001  0.001  0.001  0.001  0.001  0.001
29 #_N_agecomp
1 #_Lbin_method: 1=poplenbins; 2=datalenbins; 3=lengths
0 #_combine males into females at or below this bin number
 #_Yr Seas FltSvy Gender Part Ageerr Lbin_lo Lbin_hi Nsamp           a1         a2           a3          a4          a5          a6           a7           a8           a9          a10          a11          a12          a13           a14           a15           a16           a17           a18           a19           a20           a21           a22           a23           a24           a25
   26    1      1      0    0      1      -1      -1   5.0 2.130566e-01 0.03920173 0.0007339825 0.144094120 0.363167860 0.130803510 5.575991e-04 2.444462e-16 1.470678e-03 1.558355e-06 1.110800e-08 5.456113e-05 3.693547e-03  1.258116e-02  7.170960e-06  1.037632e-10  4.622695e-27  7.114721e-02  1.286070e-11  6.121125e-11  1.904623e-02  3.546576e-10  1.373939e-11  8.880633e-08  3.823562e-04
   36    1      1      0    0      1      -1      -1   5.0 1.651706e-10 0.06282814 0.6010563401 0.126983184 0.115529941 0.028709111 1.097440e-02 5.273953e-02 6.516151e-04 5.277346e-04 1.138220e-15 1.022348e-23 1.077967e-68  2.263534e-73  1.386879e-20  7.733543e-56 2.173066e-109 1.605618e-214  1.103171e-99  0.000000e+00  0.000000e+00  0.000000e+00 5.241590e-206 6.342177e-156 8.609484e-210
   46    1      1      0    0      1      -1      -1   7.5 2.103538e-01 0.29231648 0.0851940840 0.065193927 0.022696691 0.126423128 1.196426e-03 1.940851e-01 2.540140e-03 5.647579e-09 5.917591e-20 1.465849e-08 6.789176e-33 1.825240e-131  1.495769e-07 1.170628e-152 1.675098e-202  1.113964e-79  0.000000e+00 1.796582e-277  0.000000e+00  0.000000e+00  7.407476e-24  1.606723e-20 1.004919e-207
   51    1      1      0    0      1      -1      -1  10.0 4.318325e-02 0.39313175 0.1920383920 0.061032803 0.174555984 0.019143608 4.440865e-02 5.843999e-05 3.499754e-02 3.744958e-02 2.076922e-38 7.778539e-92 2.049405e-19  2.495004e-38 4.352776e-153  1.928538e-82  1.210970e-77 1.388617e-153  0.000000e+00  0.000000e+00 1.890064e-171  1.525434e-85  0.000000e+00  0.000000e+00  0.000000e+00
   56    1      1      0    0      1      -1      -1  12.5 7.617654e-04 0.06022218 0.5774162525 0.147517616 0.096073215 0.115833971 2.171073e-03 2.012733e-06 1.574281e-06 6.302142e-27 1.008542e-26 1.078700e-15 3.447410e-07 2.905187e-114 2.592772e-137  3.878529e-58  0.000000e+00  3.665799e-81  0.000000e+00  0.000000e+00  0.000000e+00 5.768295e-127  0.000000e+00  0.000000e+00  0.000000e+00
   61    1      1      0    0      1      -1      -1  15.0 3.746384e-02 0.24159911 0.4818098798 0.025026167 0.088015003 0.015149219 4.976908e-02 7.650368e-03 3.376572e-05 2.767919e-02 8.539399e-06 2.486796e-18 2.579556e-02  2.692856e-07 4.224871e-170  6.689499e-48 1.493885e-120 2.092207e-117 1.212203e-102  0.000000e+00  0.000000e+00  0.000000e+00 2.539374e-187  0.000000e+00  0.000000e+00
   66    1      1      0    0      1      -1      -1  17.5 1.325216e-01 0.15717375 0.1189632957 0.387024254 0.074742781 0.047576987 2.232878e-02 2.780728e-02 1.656770e-04 5.928313e-03 1.614639e-02 1.196093e-05 9.505495e-03  1.188203e-43  9.519451e-30  1.034089e-04  4.659661e-27  0.000000e+00  3.567857e-23  2.091133e-98  0.000000e+00  0.000000e+00  0.000000e+00  0.000000e+00  0.000000e+00
   71    1      1      0    0      1      -1      -1  20.0 6.705963e-02 0.11213892 0.4610587801 0.009748166 0.284087672 0.007364173 5.951828e-04 1.072385e-03 1.609136e-02 1.561349e-05 1.857878e-04 3.801615e-19 2.365023e-19  7.201643e-19 1.747920e-127  1.655102e-39  0.000000e+00 6.839974e-147  4.058233e-02  0.000000e+00 2.823356e-217  0.000000e+00  0.000000e+00  0.000000e+00  0.000000e+00
   76    1      1      0    0      1      -1      -1  22.5 2.145858e-02 0.26888723 0.3010723143 0.160117894 0.076759749 0.071801133 2.558810e-02 8.629901e-04 1.878836e-02 3.990281e-02 1.547578e-05 1.535872e-04 1.456907e-02  1.566173e-18  5.949851e-47  4.283114e-30  5.481781e-77  2.271044e-05  3.653587e-18  0.000000e+00 1.225232e-116  0.000000e+00  0.000000e+00  0.000000e+00  0.000000e+00
   81    1      1      0    0      1      -1      -1  25.0 2.775262e-03 0.43224101 0.2484951895 0.069864542 0.124338623 0.074725563 2.465930e-02 9.007375e-05 5.337805e-03 3.905854e-04 1.664450e-02 3.281233e-10 4.375436e-04  1.004196e-17  1.267069e-14  6.207012e-49  0.000000e+00 1.351887e-139  1.356136e-41 2.531729e-118  0.000000e+00  0.000000e+00 7.147799e-244  5.767651e-63  0.000000e+00
   82    1      1      0    0      1      -1      -1  25.0 1.159944e-02 0.20971451 0.4176406205 0.230994149 0.071278495 0.027346678 5.954737e-03 2.819927e-03 5.584819e-03 1.135521e-06 1.868147e-04 1.157161e-02 2.351143e-03  4.622032e-18  2.955921e-03  4.001130e-13 4.647838e-194  5.203101e-74 3.715165e-272 4.149523e-263  3.466550e-30  0.000000e+00  0.000000e+00  0.000000e+00  0.000000e+00
   83    1      1      0    0      1      -1      -1  25.0 6.122612e-05 0.45071322 0.1984400504 0.184422846 0.089115658 0.007318191 4.215609e-02 5.502431e-03 8.513528e-03 2.303279e-03 1.229046e-05 4.166445e-33 3.245928e-07  5.096382e-38  1.144031e-02 2.467504e-178  5.554719e-07  6.204532e-36 6.587033e-184  0.000000e+00  4.010203e-48  1.383426e-55  0.000000e+00  1.042043e-98  0.000000e+00
   84    1      1      0    0      1      -1      -1  25.0 5.155628e-04 0.12997351 0.5824174727 0.117594078 0.088859345 0.021145534 4.427007e-03 5.204347e-02 1.387678e-05 6.462626e-06 6.590595e-07 1.884875e-15 2.427256e-03  7.425640e-90  7.646136e-08  5.541272e-43 8.930369e-119  5.756889e-04  0.000000e+00  1.079024e-58 4.200144e-130  0.000000e+00  0.000000e+00  0.000000e+00  0.000000e+00
   85    1      1      0    0      1      -1      -1  25.0 5.423411e-04 0.26768880 0.2579575042 0.277206249 0.014831249 0.116996045 2.451214e-02 5.773815e-04 3.735856e-03 1.957770e-09 2.231410e-07 2.579483e-16 6.410644e-06  2.371723e-10  1.265508e-14  5.897105e-93  9.646785e-32  0.000000e+00 1.747618e-310 1.062686e-303  3.594580e-02 1.605132e-173  0.000000e+00  0.000000e+00  0.000000e+00
   86    1      1      0    0      1      -1      -1  25.0 4.941163e-03 0.17703987 0.2269327871 0.184733379 0.219290931 0.007199528 1.051171e-01 4.806857e-02 2.089161e-02 4.682893e-03 3.731454e-08 8.986523e-29 8.620611e-06  7.862583e-18  1.069766e-03  2.414274e-23  2.955790e-29  2.377029e-05  0.000000e+00  8.739006e-19 1.882423e-192  0.000000e+00  0.000000e+00  0.000000e+00  0.000000e+00
   87    1      1      0    0      1      -1      -1  25.0 4.170880e-02 0.12728536 0.3460450759 0.155678505 0.135889050 0.100335702 9.530656e-03 6.805277e-02 7.989855e-03 1.384739e-05 1.204088e-04 3.500575e-05 3.428210e-13  4.077130e-06  1.107627e-05  7.299598e-03  1.789529e-09  4.983211e-23  1.959363e-08  1.975619e-07 1.394766e-216  0.000000e+00  0.000000e+00 3.245224e-213  0.000000e+00
   88    1      1      0    0      1      -1      -1  25.0 7.670623e-02 0.31673948 0.2805402904 0.155632876 0.072007126 0.052932080 3.884115e-02 8.149667e-04 5.780935e-03 4.864080e-06 1.740239e-26 1.097830e-12 1.075182e-15  3.667870e-18  3.619455e-18  2.235186e-27 1.332977e-199  1.209703e-88  3.853393e-99  1.284144e-48  0.000000e+00  0.000000e+00 3.946756e-258 5.971461e-224  0.000000e+00
   89    1      1      0    0      1      -1      -1  25.0 1.183496e-03 0.29254895 0.4131142348 0.075913749 0.048481951 0.071301173 2.457808e-02 1.260134e-02 5.500478e-03 2.515940e-04 3.793849e-02 3.401241e-56 1.658646e-02  2.686432e-14  2.669722e-30  1.602360e-11  4.026311e-10  0.000000e+00  0.000000e+00  0.000000e+00  0.000000e+00 2.091315e-143  0.000000e+00  0.000000e+00  5.354957e-25
   90    1      1      0    0      1      -1      -1  25.0 2.598127e-02 0.16564375 0.4233365911 0.274660925 0.010508724 0.017939210 1.579962e-02 4.700142e-02 6.265040e-03 1.279434e-02 5.449984e-05 2.134196e-07 6.978548e-07  5.880099e-12  4.564486e-40  1.353468e-35 2.428322e-131  6.472877e-62  2.089927e-96  1.369781e-05  0.000000e+00 9.025389e-297  0.000000e+00  0.000000e+00  0.000000e+00
   91    1      1      0    0      1      -1      -1  25.0 6.555949e-05 0.37699371 0.2025433813 0.154858483 0.066627696 0.197930908 1.310032e-05 4.884351e-04 8.656513e-05 2.291535e-04 3.995587e-12 9.102728e-11 8.660918e-35  5.890618e-11  1.630083e-04  4.529796e-13  3.506324e-81 1.799085e-299 2.400995e-104  0.000000e+00  0.000000e+00  0.000000e+00  0.000000e+00 6.423323e-117  0.000000e+00
   92    1      1      0    0      1      -1      -1  25.0 1.520839e-01 0.48791266 0.1932469864 0.100224932 0.008114814 0.030432461 7.443698e-03 1.438112e-02 9.053764e-04 3.256967e-10 5.052052e-03 5.406163e-16 2.016235e-04  3.654893e-07  1.238754e-18 3.569312e-168  0.000000e+00  3.162216e-96 5.066927e-207 7.438845e-318  0.000000e+00  0.000000e+00  0.000000e+00 1.804224e-309 3.024265e-215
   93    1      1      0    0      1      -1      -1  25.0 1.352917e-01 0.20181068 0.3417584961 0.161580277 0.068936733 0.002373613 5.664780e-02 9.855775e-06 3.124104e-02 1.967286e-04 9.814050e-10 1.530446e-04 1.225085e-16  5.012846e-21  1.306050e-11  5.913094e-18  1.560262e-96 1.180901e-280  0.000000e+00  0.000000e+00  1.121885e-84  0.000000e+00  0.000000e+00  0.000000e+00  0.000000e+00
   94    1      1      0    0      1      -1      -1  25.0 1.967946e-02 0.36209591 0.1191621508 0.224526925 0.113136603 0.058956170 6.359717e-03 1.030601e-02 4.202815e-02 1.432644e-03 3.578745e-03 4.645005e-11 3.805723e-02  6.802842e-04  6.461668e-15  1.081781e-33  9.458068e-17  1.027148e-17 1.793313e-123  0.000000e+00 1.072781e-198  0.000000e+00  0.000000e+00  1.401662e-98  0.000000e+00
   95    1      1      0    0      1      -1      -1  25.0 2.529954e-02 0.53485832 0.2209173921 0.130721976 0.058789768 0.008067794 2.724857e-03 3.212064e-08 1.024216e-02 8.288300e-03 1.315281e-12 5.683409e-09 7.661209e-13  8.985160e-05 2.568101e-106  9.391527e-37  3.993216e-37 1.175468e-222  0.000000e+00 3.359915e-239  0.000000e+00 5.822594e-192  0.000000e+00  0.000000e+00  0.000000e+00
   96    1      1      0    0      1      -1      -1  25.0 1.547301e-02 0.23099388 0.4257497505 0.116620398 0.072387298 0.051327075 1.175939e-02 1.663506e-03 5.560824e-04 6.480351e-02 2.055783e-03 1.790128e-06 9.253417e-10  6.383158e-03  3.064493e-07  7.201060e-32  2.417413e-11  2.250598e-04  4.533486e-44  0.000000e+00 2.588912e-173  0.000000e+00  0.000000e+00  0.000000e+00  0.000000e+00
   97    1      1      0    0      1      -1      -1  25.0 2.778177e-02 0.17820500 0.0449372388 0.421688648 0.171231586 0.025905610 9.566278e-02 2.290821e-02 7.277644e-03 3.107473e-04 3.913595e-03 1.845305e-05 1.584571e-04  3.960083e-91  1.613958e-22  2.668163e-07  2.865170e-19  3.648733e-52 8.998380e-291  0.000000e+00  1.644489e-81  0.000000e+00  0.000000e+00  0.000000e+00  0.000000e+00
   98    1      1      0    0      1      -1      -1  25.0 4.420180e-02 0.07961816 0.6363502932 0.054504742 0.114381050 0.011550367 7.314819e-03 8.124248e-07 6.298113e-03 4.337412e-16 4.577824e-02 5.731630e-07 3.306637e-26  1.017237e-06  4.465130e-14  3.588939e-28  1.732490e-22 1.958371e-311 6.042467e-317  2.621636e-15  0.000000e+00 1.421178e-104 9.094800e-149  0.000000e+00  0.000000e+00
   99    1      1      0    0      1      -1      -1  25.0 5.597074e-04 0.31967608 0.2204996600 0.248226514 0.029774185 0.010215729 1.556553e-01 1.272187e-03 7.615126e-05 1.403197e-02 9.568271e-06 9.474955e-10 8.481343e-10  2.041400e-34 2.391778e-107  5.234531e-46 1.452174e-203  3.588152e-27  2.896879e-06 3.970386e-312 1.985717e-249  1.829629e-61  0.000000e+00 1.605874e-182  0.000000e+00
  100    1      1      0    0      1      -1      -1  25.0 2.771243e-02 0.43014507 0.3620766745 0.055883352 0.056062815 0.009525997 4.484508e-02 1.072714e-02 1.237997e-05 2.771033e-03 4.757578e-12 1.683324e-14 1.367207e-12  2.018335e-17 1.056463e-113  5.904994e-69  4.347343e-71 7.672179e-147  2.380198e-04 3.792196e-226  0.000000e+00  2.203155e-27  0.000000e+00  0.000000e+00  0.000000e+00
0 #_N_MeanSize_at_Age_obs
0 #_N_environ_variables
0 #_N_environ_obs
0 #_N_sizefreq_methods
0 #_do_tags
0 #_morphcomp_data
#
999
