#V3.24O
#_SS-V3.24O-safe-MacOS;_04/10/2013;_Stock_Synthesis_by_Richard_Methot_(NOAA)_using_ADMB_11.0
#_Start_time: Wed Jan 21 09:49:45 2015
#_Number_of_datafiles: 3

#_observed data: 
1983 #_styr 1983 originially
2010 #_endyr
1 #_nseas
12 #_months/season
1 #_spawn_seas
1 #_Nfleet
2 #_Nsurveys
1 #_N_areas
Fishery%Survey%CPUE
0.5 0.5 0.5 #_surveytiming_in_season
1 1 1 #_area_assignments_for_each_fishery_and_survey
1 #_units of catch:  1=bio; 2=num
0.01  #_se of log(catch) only used for init_eq_catch and for Fmethod 2 and 3; use -1 for discard only fleets
1 #_Ngenders
12 #_Nages
0 #_init_equil_catch_for_each_fishery
28 #_N_lines_of_catch_to_read
#_catch_biomass(mtons):_columns_are_fisheries,year,season
1 1983  1
1 1984  1
1 1985  1
1 1986  1
1 1987  1
1 1988  1
1 1989  1
1 1990  1
1 1991  1
1 1992  1
1 1993  1
1 1994  1
1 1995  1
1 1996  1
1 1997  1
1 1998  1
1 1999  1
1 2000  1
1 2001  1
1 2002  1
1 2003  1
1 2004  1
1 2005  1
1 2006  1
1 2007  1
1 2008  1
1 2009  1
1 2010  1 
 #40573.4 1544.12 1983 1
 #45001   1467.32 1984 1
 #45811.9 1015.9  1985 1
 #53263.4 859.2   1986 1
 #46958.3 1264.46 1987 1
 #48576.1 688.56  1988 1
 #48787.5 618.27  1989 1
 #70934.6 616.06  1990 1
 #64824.8 680.14  1991 1
 #31753.6 463.87  1992 1
 #20311.1 608.8   1993 1
 #22674.4 1062.65 1994 1
 #10982.4 1013.4  1995 1
 #23877.1 685.54  1996 1
 #50272.3 803.99  1997 1
 #62393.1 429.61  1998 1
 #15757.2 152.65  1999 1
 #27466.6 325.32  2000 1
 #12439.4 571.05  2001 1
 #13868.7 254.1   2002 1
 #8589.59 323.26  2003 1
 #7028.76 533.46  2004 1
 #7079.24 395.84  2005 1
 #9856.14 372.11  2006 1
 #8426.8  310     2007 1
 #5084.47 280     2008 1
 #3182.6  267     2009 1
 #2256.99 100     2010 1

#
56 #_N_cpue_and_surveyabundance_observations
#_Units:  0=numbers; 1=biomass; 2=F
#_Errtype:  -1=normal; 0=lognormal; >0=T
#_Fleet Units Errtype
1  1  0 # FISHERY
2  1  0 # SURVEY
3  1  0 # CPUE
#_year seas index obs err
1983  1 2 1 0.2
1984  1 2 1 0.2
1985  1 2 1 0.2
1986  1 2 1 0.2
1987  1 2 1 0.2
1988  1 2 1 0.2
1989  1 2 1 0.2
1990  1 2 1 0.2
1991  1 2 1 0.2
1992  1 2 1 0.2
1993  1 2 1 0.2
1994  1 2 1 0.2
1995  1 2 1 0.2
1996  1 2 1 0.2
1997  1 2 1 0.2
1998  1 2 1 0.2
1999  1 2 1 0.2
2000  1 2 1 0.2
2001  1 2 1 0.2
2002  1 2 1 0.2
2003  1 2 1 0.2
2004  1 2 1 0.2
2005  1 2 1 0.2
2006  1 2 1 0.2
2007  1 2 1 0.2
2008  1 2 1 0.2
2009  1 2 1 0.2
2010  1 2 1 0.2

1983  1 3 1 0.4
1984  1 3 1 0.4
1985  1 3 1 0.4
1986  1 3 1 0.4
1987  1 3 1 0.4
1988  1 3 1 0.4
1989  1 3 1 0.4
1990  1 3 1 0.4
1991  1 3 1 0.4
1992  1 3 1 0.4
1993  1 3 1 0.4
1994  1 3 1 0.4
1995  1 3 1 0.4
1996  1 3 1 0.4
1997  1 3 1 0.4
1998  1 3 1 0.4
1999  1 3 1 0.4
2000  1 3 1 0.4
2001  1 3 1 0.4
2002  1 3 1 0.4
2003  1 3 1 0.4
2004  1 3 1 0.4
2005  1 3 1 0.4
2006  1 3 1 0.4
2007  1 3 1 0.4
2008  1 3 1 0.4
2009  1 3 1 0.4
2010  1 3 1 0.4
0 #_N_fleets_with_discard
#_discard_units (1=same_as_catchunits(bio/num); 2=fraction; 3=numbers)
#_discard_errtype:  >0 for DF of T-dist(read CV below); 0 for normal with CV; -1 for normal with se; -2 for lognormal
#Fleet Disc_units err_type
0 #N discard obs
0 #_N_meanbodywt_obs
1 #_DF_for_meanbodywt_T-distribution_like
# These define the resolution at which the mean weight-at-length, maturity-at-length and size-selectivity are based.  Calculations use the mid-length of the population bins.
2 # length bin method: 1=use databins; 2=generate from binwidth,min,max below; 3=read vector
# no additional input for option 1
# read binwidth, minsize, lastbin size for option 2
# read N poplen bins, then vector of bin lower boundaries, for option 3
1 #binwidth
0 #min size
100 #   # maximum size in the population (lower edge of last bin)
-1 #_comp_tail_compression
0.00001 #_add_to_comp
0 #_combine males into females at or below this bin number
60 #_N_LengthBins
 1 2 3 4 5 6 7 8 9 10 11 12 13 14 15 16 17 18 19 20 21 22 23 24 25 26 27 28 29 30 31 32 33 34 35 36 37 38 39 40 41 42 43 44 45 46 47 48 49 50 51 52 53 54 55 56 57 58 59 60
56 #_N_Length_obs
#Yr Seas Flt/Svy Gender Part Nsamp datavector(female-male)
1983 1 1 0 0 100 1 1 1 1 1 1 1 1 1 1 1 1 1 1 1 1 1 1 1 1 1 1 1 1 1 1 1 1 1 1 1 1 1 1 1 1 1 1 1 1 1 1 1 1 1 1 1 1 1 1 1 1 1 1 1 1 1 1 1 1 
1984  1 1 0 0 100 1 1 1 1 1 1 1 1 1 1 1 1 1 1 1 1 1 1 1 1 1 1 1 1 1 1 1 1 1 1 1 1 1 1 1 1 1 1 1 1 1 1 1 1 1 1 1 1 1 1 1 1 1 1 1 1 1 1 1 1 
1985  1 1 0 0 100 1 1 1 1 1 1 1 1 1 1 1 1 1 1 1 1 1 1 1 1 1 1 1 1 1 1 1 1 1 1 1 1 1 1 1 1 1 1 1 1 1 1 1 1 1 1 1 1 1 1 1 1 1 1 1 1 1 1 1 1 
1986  1 1 0 0 100 1 1 1 1 1 1 1 1 1 1 1 1 1 1 1 1 1 1 1 1 1 1 1 1 1 1 1 1 1 1 1 1 1 1 1 1 1 1 1 1 1 1 1 1 1 1 1 1 1 1 1 1 1 1 1 1 1 1 1 1 
1987  1 1 0 0 100 1 1 1 1 1 1 1 1 1 1 1 1 1 1 1 1 1 1 1 1 1 1 1 1 1 1 1 1 1 1 1 1 1 1 1 1 1 1 1 1 1 1 1 1 1 1 1 1 1 1 1 1 1 1 1 1 1 1 1 1 
1988  1 1 0 0 100 1 1 1 1 1 1 1 1 1 1 1 1 1 1 1 1 1 1 1 1 1 1 1 1 1 1 1 1 1 1 1 1 1 1 1 1 1 1 1 1 1 1 1 1 1 1 1 1 1 1 1 1 1 1 1 1 1 1 1 1 
1989  1 1 0 0 100 1 1 1 1 1 1 1 1 1 1 1 1 1 1 1 1 1 1 1 1 1 1 1 1 1 1 1 1 1 1 1 1 1 1 1 1 1 1 1 1 1 1 1 1 1 1 1 1 1 1 1 1 1 1 1 1 1 1 1 1 
1990  1 1 0 0 100 1 1 1 1 1 1 1 1 1 1 1 1 1 1 1 1 1 1 1 1 1 1 1 1 1 1 1 1 1 1 1 1 1 1 1 1 1 1 1 1 1 1 1 1 1 1 1 1 1 1 1 1 1 1 1 1 1 1 1 1 
1991  1 1 0 0 100 1 1 1 1 1 1 1 1 1 1 1 1 1 1 1 1 1 1 1 1 1 1 1 1 1 1 1 1 1 1 1 1 1 1 1 1 1 1 1 1 1 1 1 1 1 1 1 1 1 1 1 1 1 1 1 1 1 1 1 1 
1992  1 1 0 0 100 1 1 1 1 1 1 1 1 1 1 1 1 1 1 1 1 1 1 1 1 1 1 1 1 1 1 1 1 1 1 1 1 1 1 1 1 1 1 1 1 1 1 1 1 1 1 1 1 1 1 1 1 1 1 1 1 1 1 1 1 
1993  1 1 0 0 100 1 1 1 1 1 1 1 1 1 1 1 1 1 1 1 1 1 1 1 1 1 1 1 1 1 1 1 1 1 1 1 1 1 1 1 1 1 1 1 1 1 1 1 1 1 1 1 1 1 1 1 1 1 1 1 1 1 1 1 1 
1994  1 1 0 0 100 1 1 1 1 1 1 1 1 1 1 1 1 1 1 1 1 1 1 1 1 1 1 1 1 1 1 1 1 1 1 1 1 1 1 1 1 1 1 1 1 1 1 1 1 1 1 1 1 1 1 1 1 1 1 1 1 1 1 1 1 
1995  1 1 0 0 100 1 1 1 1 1 1 1 1 1 1 1 1 1 1 1 1 1 1 1 1 1 1 1 1 1 1 1 1 1 1 1 1 1 1 1 1 1 1 1 1 1 1 1 1 1 1 1 1 1 1 1 1 1 1 1 1 1 1 1 1 
1996  1 1 0 0 100 1 1 1 1 1 1 1 1 1 1 1 1 1 1 1 1 1 1 1 1 1 1 1 1 1 1 1 1 1 1 1 1 1 1 1 1 1 1 1 1 1 1 1 1 1 1 1 1 1 1 1 1 1 1 1 1 1 1 1 1 
1997  1 1 0 0 100 1 1 1 1 1 1 1 1 1 1 1 1 1 1 1 1 1 1 1 1 1 1 1 1 1 1 1 1 1 1 1 1 1 1 1 1 1 1 1 1 1 1 1 1 1 1 1 1 1 1 1 1 1 1 1 1 1 1 1 1 
1998  1 1 0 0 100 1 1 1 1 1 1 1 1 1 1 1 1 1 1 1 1 1 1 1 1 1 1 1 1 1 1 1 1 1 1 1 1 1 1 1 1 1 1 1 1 1 1 1 1 1 1 1 1 1 1 1 1 1 1 1 1 1 1 1 1 
1999  1 1 0 0 100 1 1 1 1 1 1 1 1 1 1 1 1 1 1 1 1 1 1 1 1 1 1 1 1 1 1 1 1 1 1 1 1 1 1 1 1 1 1 1 1 1 1 1 1 1 1 1 1 1 1 1 1 1 1 1 1 1 1 1 1 
2000  1 1 0 0 100 1 1 1 1 1 1 1 1 1 1 1 1 1 1 1 1 1 1 1 1 1 1 1 1 1 1 1 1 1 1 1 1 1 1 1 1 1 1 1 1 1 1 1 1 1 1 1 1 1 1 1 1 1 1 1 1 1 1 1 1 
2001  1 1 0 0 100 1 1 1 1 1 1 1 1 1 1 1 1 1 1 1 1 1 1 1 1 1 1 1 1 1 1 1 1 1 1 1 1 1 1 1 1 1 1 1 1 1 1 1 1 1 1 1 1 1 1 1 1 1 1 1 1 1 1 1 1 
2002  1 1 0 0 100 1 1 1 1 1 1 1 1 1 1 1 1 1 1 1 1 1 1 1 1 1 1 1 1 1 1 1 1 1 1 1 1 1 1 1 1 1 1 1 1 1 1 1 1 1 1 1 1 1 1 1 1 1 1 1 1 1 1 1 1 
2003  1 1 0 0 100 1 1 1 1 1 1 1 1 1 1 1 1 1 1 1 1 1 1 1 1 1 1 1 1 1 1 1 1 1 1 1 1 1 1 1 1 1 1 1 1 1 1 1 1 1 1 1 1 1 1 1 1 1 1 1 1 1 1 1 1 
2004  1 1 0 0 100 1 1 1 1 1 1 1 1 1 1 1 1 1 1 1 1 1 1 1 1 1 1 1 1 1 1 1 1 1 1 1 1 1 1 1 1 1 1 1 1 1 1 1 1 1 1 1 1 1 1 1 1 1 1 1 1 1 1 1 1 
2005  1 1 0 0 100 1 1 1 1 1 1 1 1 1 1 1 1 1 1 1 1 1 1 1 1 1 1 1 1 1 1 1 1 1 1 1 1 1 1 1 1 1 1 1 1 1 1 1 1 1 1 1 1 1 1 1 1 1 1 1 1 1 1 1 1 
2006  1 1 0 0 100 1 1 1 1 1 1 1 1 1 1 1 1 1 1 1 1 1 1 1 1 1 1 1 1 1 1 1 1 1 1 1 1 1 1 1 1 1 1 1 1 1 1 1 1 1 1 1 1 1 1 1 1 1 1 1 1 1 1 1 1 
2007  1 1 0 0 100 1 1 1 1 1 1 1 1 1 1 1 1 1 1 1 1 1 1 1 1 1 1 1 1 1 1 1 1 1 1 1 1 1 1 1 1 1 1 1 1 1 1 1 1 1 1 1 1 1 1 1 1 1 1 1 1 1 1 1 1 
2008  1 1 0 0 100 1 1 1 1 1 1 1 1 1 1 1 1 1 1 1 1 1 1 1 1 1 1 1 1 1 1 1 1 1 1 1 1 1 1 1 1 1 1 1 1 1 1 1 1 1 1 1 1 1 1 1 1 1 1 1 1 1 1 1 1 
2009  1 1 0 0 100 1 1 1 1 1 1 1 1 1 1 1 1 1 1 1 1 1 1 1 1 1 1 1 1 1 1 1 1 1 1 1 1 1 1 1 1 1 1 1 1 1 1 1 1 1 1 1 1 1 1 1 1 1 1 1 1 1 1 1 1 
2010  1 1 0 0 100 1 1 1 1 1 1 1 1 1 1 1 1 1 1 1 1 1 1 1 1 1 1 1 1 1 1 1 1 1 1 1 1 1 1 1 1 1 1 1 1 1 1 1 1 1 1 1 1 1 1 1 1 1 1 1 1 1 1 1 1 
                                                                                                                                    
1983  1 2 0 0 100 1 1 1 1 1 1 1 1 1 1 1 1 1 1 1 1 1 1 1 1 1 1 1 1 1 1 1 1 1 1 1 1 1 1 1 1 1 1 1 1 1 1 1 1 1 1 1 1 1 1 1 1 1 1 1 1 1 1 1 1 
1984  1 2 0 0 100 1 1 1 1 1 1 1 1 1 1 1 1 1 1 1 1 1 1 1 1 1 1 1 1 1 1 1 1 1 1 1 1 1 1 1 1 1 1 1 1 1 1 1 1 1 1 1 1 1 1 1 1 1 1 1 1 1 1 1 1 
1985  1 2 0 0 100 1 1 1 1 1 1 1 1 1 1 1 1 1 1 1 1 1 1 1 1 1 1 1 1 1 1 1 1 1 1 1 1 1 1 1 1 1 1 1 1 1 1 1 1 1 1 1 1 1 1 1 1 1 1 1 1 1 1 1 1 
1986  1 2 0 0 100 1 1 1 1 1 1 1 1 1 1 1 1 1 1 1 1 1 1 1 1 1 1 1 1 1 1 1 1 1 1 1 1 1 1 1 1 1 1 1 1 1 1 1 1 1 1 1 1 1 1 1 1 1 1 1 1 1 1 1 1 
1987  1 2 0 0 100 1 1 1 1 1 1 1 1 1 1 1 1 1 1 1 1 1 1 1 1 1 1 1 1 1 1 1 1 1 1 1 1 1 1 1 1 1 1 1 1 1 1 1 1 1 1 1 1 1 1 1 1 1 1 1 1 1 1 1 1 
1988  1 2 0 0 100 1 1 1 1 1 1 1 1 1 1 1 1 1 1 1 1 1 1 1 1 1 1 1 1 1 1 1 1 1 1 1 1 1 1 1 1 1 1 1 1 1 1 1 1 1 1 1 1 1 1 1 1 1 1 1 1 1 1 1 1 
1989  1 2 0 0 100 1 1 1 1 1 1 1 1 1 1 1 1 1 1 1 1 1 1 1 1 1 1 1 1 1 1 1 1 1 1 1 1 1 1 1 1 1 1 1 1 1 1 1 1 1 1 1 1 1 1 1 1 1 1 1 1 1 1 1 1 
1990  1 2 0 0 100 1 1 1 1 1 1 1 1 1 1 1 1 1 1 1 1 1 1 1 1 1 1 1 1 1 1 1 1 1 1 1 1 1 1 1 1 1 1 1 1 1 1 1 1 1 1 1 1 1 1 1 1 1 1 1 1 1 1 1 1 
1991  1 2 0 0 100 1 1 1 1 1 1 1 1 1 1 1 1 1 1 1 1 1 1 1 1 1 1 1 1 1 1 1 1 1 1 1 1 1 1 1 1 1 1 1 1 1 1 1 1 1 1 1 1 1 1 1 1 1 1 1 1 1 1 1 1 
1992  1 2 0 0 100 1 1 1 1 1 1 1 1 1 1 1 1 1 1 1 1 1 1 1 1 1 1 1 1 1 1 1 1 1 1 1 1 1 1 1 1 1 1 1 1 1 1 1 1 1 1 1 1 1 1 1 1 1 1 1 1 1 1 1 1 
1993  1 2 0 0 100 1 1 1 1 1 1 1 1 1 1 1 1 1 1 1 1 1 1 1 1 1 1 1 1 1 1 1 1 1 1 1 1 1 1 1 1 1 1 1 1 1 1 1 1 1 1 1 1 1 1 1 1 1 1 1 1 1 1 1 1 
1994  1 2 0 0 100 1 1 1 1 1 1 1 1 1 1 1 1 1 1 1 1 1 1 1 1 1 1 1 1 1 1 1 1 1 1 1 1 1 1 1 1 1 1 1 1 1 1 1 1 1 1 1 1 1 1 1 1 1 1 1 1 1 1 1 1 
1995  1 2 0 0 100 1 1 1 1 1 1 1 1 1 1 1 1 1 1 1 1 1 1 1 1 1 1 1 1 1 1 1 1 1 1 1 1 1 1 1 1 1 1 1 1 1 1 1 1 1 1 1 1 1 1 1 1 1 1 1 1 1 1 1 1 
1996  1 2 0 0 100 1 1 1 1 1 1 1 1 1 1 1 1 1 1 1 1 1 1 1 1 1 1 1 1 1 1 1 1 1 1 1 1 1 1 1 1 1 1 1 1 1 1 1 1 1 1 1 1 1 1 1 1 1 1 1 1 1 1 1 1 
1997  1 2 0 0 100 1 1 1 1 1 1 1 1 1 1 1 1 1 1 1 1 1 1 1 1 1 1 1 1 1 1 1 1 1 1 1 1 1 1 1 1 1 1 1 1 1 1 1 1 1 1 1 1 1 1 1 1 1 1 1 1 1 1 1 1 
1998  1 2 0 0 100 1 1 1 1 1 1 1 1 1 1 1 1 1 1 1 1 1 1 1 1 1 1 1 1 1 1 1 1 1 1 1 1 1 1 1 1 1 1 1 1 1 1 1 1 1 1 1 1 1 1 1 1 1 1 1 1 1 1 1 1 
1999  1 2 0 0 100 1 1 1 1 1 1 1 1 1 1 1 1 1 1 1 1 1 1 1 1 1 1 1 1 1 1 1 1 1 1 1 1 1 1 1 1 1 1 1 1 1 1 1 1 1 1 1 1 1 1 1 1 1 1 1 1 1 1 1 1 
2000  1 2 0 0 100 1 1 1 1 1 1 1 1 1 1 1 1 1 1 1 1 1 1 1 1 1 1 1 1 1 1 1 1 1 1 1 1 1 1 1 1 1 1 1 1 1 1 1 1 1 1 1 1 1 1 1 1 1 1 1 1 1 1 1 1 
2001  1 2 0 0 100 1 1 1 1 1 1 1 1 1 1 1 1 1 1 1 1 1 1 1 1 1 1 1 1 1 1 1 1 1 1 1 1 1 1 1 1 1 1 1 1 1 1 1 1 1 1 1 1 1 1 1 1 1 1 1 1 1 1 1 1 
2002  1 2 0 0 100 1 1 1 1 1 1 1 1 1 1 1 1 1 1 1 1 1 1 1 1 1 1 1 1 1 1 1 1 1 1 1 1 1 1 1 1 1 1 1 1 1 1 1 1 1 1 1 1 1 1 1 1 1 1 1 1 1 1 1 1 
2003  1 2 0 0 100 1 1 1 1 1 1 1 1 1 1 1 1 1 1 1 1 1 1 1 1 1 1 1 1 1 1 1 1 1 1 1 1 1 1 1 1 1 1 1 1 1 1 1 1 1 1 1 1 1 1 1 1 1 1 1 1 1 1 1 1 
2004  1 2 0 0 100 1 1 1 1 1 1 1 1 1 1 1 1 1 1 1 1 1 1 1 1 1 1 1 1 1 1 1 1 1 1 1 1 1 1 1 1 1 1 1 1 1 1 1 1 1 1 1 1 1 1 1 1 1 1 1 1 1 1 1 1 
2005  1 2 0 0 100 1 1 1 1 1 1 1 1 1 1 1 1 1 1 1 1 1 1 1 1 1 1 1 1 1 1 1 1 1 1 1 1 1 1 1 1 1 1 1 1 1 1 1 1 1 1 1 1 1 1 1 1 1 1 1 1 1 1 1 1 
2006  1 2 0 0 100 1 1 1 1 1 1 1 1 1 1 1 1 1 1 1 1 1 1 1 1 1 1 1 1 1 1 1 1 1 1 1 1 1 1 1 1 1 1 1 1 1 1 1 1 1 1 1 1 1 1 1 1 1 1 1 1 1 1 1 1 
2007  1 2 0 0 100 1 1 1 1 1 1 1 1 1 1 1 1 1 1 1 1 1 1 1 1 1 1 1 1 1 1 1 1 1 1 1 1 1 1 1 1 1 1 1 1 1 1 1 1 1 1 1 1 1 1 1 1 1 1 1 1 1 1 1 1 
2008  1 2 0 0 100 1 1 1 1 1 1 1 1 1 1 1 1 1 1 1 1 1 1 1 1 1 1 1 1 1 1 1 1 1 1 1 1 1 1 1 1 1 1 1 1 1 1 1 1 1 1 1 1 1 1 1 1 1 1 1 1 1 1 1 1 
2009  1 2 0 0 100 1 1 1 1 1 1 1 1 1 1 1 1 1 1 1 1 1 1 1 1 1 1 1 1 1 1 1 1 1 1 1 1 1 1 1 1 1 1 1 1 1 1 1 1 1 1 1 1 1 1 1 1 1 1 1 1 1 1 1 1 
2010  1 2 0 0 100 1 1 1 1 1 1 1 1 1 1 1 1 1 1 1 1 1 1 1 1 1 1 1 1 1 1 1 1 1 1 1 1 1 1 1 1 1 1 1 1 1 1 1 1 1 1 1 1 1 1 1 1 1 1 1 1 1 1 1 1 

9 #_N_age_bins
 0 1 2 3 4 5 6 7 8
1 #_N_ageerror_definitions
-1 -1 -1 -1 -1 -1 -1 -1 -1 -1 -1 -1 -1 0.001
0.001 0.001 0.001 0.001 0.001 0.001 0.001 0.001 0.001 0.001 0.001 0.001 
56 #_N_Agecomp_obs
1 #_Lbin_method: 1=poplenbins; 2=datalenbins; 3=lengths
-1 #_combine males into females at or below this bin number

#Yr Seas Flt/Svy Gender Part Ageerr Lbin_lo Lbin_hi Nsamp datavector(female-male)
#Fishery
1983  1 1 0 0 1 -1  -1  100 1 1 1 1 1 1 1 1 1 
1984  1 1 0 0 1 -1  -1  100 1 1 1 1 1 1 1 1 1 
1985  1 1 0 0 1 -1  -1  100 1 1 1 1 1 1 1 1 1 
1986  1 1 0 0 1 -1  -1  100 1 1 1 1 1 1 1 1 1 
1987  1 1 0 0 1 -1  -1  100 1 1 1 1 1 1 1 1 1 
1988  1 1 0 0 1 -1  -1  100 1 1 1 1 1 1 1 1 1 
1989  1 1 0 0 1 -1  -1  100 1 1 1 1 1 1 1 1 1 
1990  1 1 0 0 1 -1  -1  100 1 1 1 1 1 1 1 1 1 
1991  1 1 0 0 1 -1  -1  100 1 1 1 1 1 1 1 1 1 
1992  1 1 0 0 1 -1  -1  100 1 1 1 1 1 1 1 1 1 
1993  1 1 0 0 1 -1  -1  100 1 1 1 1 1 1 1 1 1 
1994  1 1 0 0 1 -1  -1  100 1 1 1 1 1 1 1 1 1 
1995  1 1 0 0 1 -1  -1  100 1 1 1 1 1 1 1 1 1 
1996  1 1 0 0 1 -1  -1  100 1 1 1 1 1 1 1 1 1 
1997  1 1 0 0 1 -1  -1  100 1 1 1 1 1 1 1 1 1 
1998  1 1 0 0 1 -1  -1  100 1 1 1 1 1 1 1 1 1 
1999  1 1 0 0 1 -1  -1  100 1 1 1 1 1 1 1 1 1 
2000  1 1 0 0 1 -1  -1  100 1 1 1 1 1 1 1 1 1 
2001  1 1 0 0 1 -1  -1  100 1 1 1 1 1 1 1 1 1 
2002  1 1 0 0 1 -1  -1  100 1 1 1 1 1 1 1 1 1 
2003  1 1 0 0 1 -1  -1  100 1 1 1 1 1 1 1 1 1 
2004  1 1 0 0 1 -1  -1  100 1 1 1 1 1 1 1 1 1 
2005  1 1 0 0 1 -1  -1  100 1 1 1 1 1 1 1 1 1 
2006  1 1 0 0 1 -1  -1  100 1 1 1 1 1 1 1 1 1 
2007  1 1 0 0 1 -1  -1  100 1 1 1 1 1 1 1 1 1 
2008  1 1 0 0 1 -1  -1  100 1 1 1 1 1 1 1 1 1 
2009  1 1 0 0 1 -1  -1  100 1 1 1 1 1 1 1 1 1 
2010  1 1 0 0 1 -1  -1  100 1 1 1 1 1 1 1 1 1 

#Survey
1983  1 2 0 0 1 -1  -1  100 1 1 1 1 1 1 1 1 1 
1984  1 2 0 0 1 -1  -1  100 1 1 1 1 1 1 1 1 1 
1985  1 2 0 0 1 -1  -1  100 1 1 1 1 1 1 1 1 1 
1986  1 2 0 0 1 -1  -1  100 1 1 1 1 1 1 1 1 1 
1987  1 2 0 0 1 -1  -1  100 1 1 1 1 1 1 1 1 1 
1988  1 2 0 0 1 -1  -1  100 1 1 1 1 1 1 1 1 1 
1989  1 2 0 0 1 -1  -1  100 1 1 1 1 1 1 1 1 1 
1990  1 2 0 0 1 -1  -1  100 1 1 1 1 1 1 1 1 1 
1991  1 2 0 0 1 -1  -1  100 1 1 1 1 1 1 1 1 1 
1992  1 2 0 0 1 -1  -1  100 1 1 1 1 1 1 1 1 1 
1993  1 2 0 0 1 -1  -1  100 1 1 1 1 1 1 1 1 1 
1994  1 2 0 0 1 -1  -1  100 1 1 1 1 1 1 1 1 1 
1995  1 2 0 0 1 -1  -1  100 1 1 1 1 1 1 1 1 1 
1996  1 2 0 0 1 -1  -1  100 1 1 1 1 1 1 1 1 1 
1997  1 2 0 0 1 -1  -1  100 1 1 1 1 1 1 1 1 1 
1998  1 2 0 0 1 -1  -1  100 1 1 1 1 1 1 1 1 1 
1999  1 2 0 0 1 -1  -1  100 1 1 1 1 1 1 1 1 1 
2000  1 2 0 0 1 -1  -1  100 1 1 1 1 1 1 1 1 1 
2001  1 2 0 0 1 -1  -1  100 1 1 1 1 1 1 1 1 1 
2002  1 2 0 0 1 -1  -1  100 1 1 1 1 1 1 1 1 1 
2003  1 2 0 0 1 -1  -1  100 1 1 1 1 1 1 1 1 1 
2004  1 2 0 0 1 -1  -1  100 1 1 1 1 1 1 1 1 1 
2005  1 2 0 0 1 -1  -1  100 1 1 1 1 1 1 1 1 1 
2006  1 2 0 0 1 -1  -1  100 1 1 1 1 1 1 1 1 1 
2007  1 2 0 0 1 -1  -1  100 1 1 1 1 1 1 1 1 1 
2008  1 2 0 0 1 -1  -1  100 1 1 1 1 1 1 1 1 1 
2009  1 2 0 0 1 -1  -1  100 1 1 1 1 1 1 1 1 1 
2010  1 2 0 0 1 -1  -1  100 1 1 1 1 1 1 1 1 1 

0 #_N_MeanSize-at-Age_obs
#Yr Seas Flt/Svy Gender Part Ageerr Ignore datavector(female-male)
#                                          samplesize(female-male)
#1983 1 1 0 0 1 1 16.69 26.03 29.62 31.87 33.46 34.46 37.5 -1 -1 2.68 2.68 41.96 37.04 5.84 16.28 0.24 0 0
#1984 1 1 0 0 1 1 22.59 27.14 30.71 31.76 34.03 36.1 36.64 40.25 -1 2.84 0.56 9.48 45.04 21.2 5.32 7.04 0.16 0
#1985 1 1 0 0 1 1 23.66 28.55 32.11 33.15 33.61 35.06 36.34 37.57 -1 4.24 15.76 5.28 16.12 49.36 10.96 1.4 1.12 0
#1986 1 1 0 0 1 1 23.94 28.44 31.43 33.63 34.66 35.27 35.76 37.13 38.17 20.96 39.88 17.88 4.56 7.68 20.96 6.2 0.96 0.92
#1987 1 1 0 0 1 1 22.98 28.03 31.41 33.85 35.41 36.77 37.24 37.92 38.77 25.04 82.48 36.76 6.08 3.16 3.88 4.76 2.12 0.88
#1988 1 1 0 0 1 1 21.51 28.83 31.43 33.94 35.5 36.54 38.16 38.08 39.1 112 13.2 28.44 11.52 2.72 1.84 2.44 3.8 3.12
#1989 1 1 0 0 1 1 21.35 25.2 29.88 33.87 35.53 36.86 37.5 37.08 38.61 19.36 111 4.76 3 1.72 1.16 0.88 0.52 0.92
#1990 1 1 0 0 1 1 21.02 27.82 30.8 34.15 36.07 36.62 37.47 38.08 38.93 18.2 9.92 20.48 6.24 9.56 9.84 3.64 3.2 3.48
#1991 1 1 0 0 1 1 19.3 26.99 31.83 34.03 35.47 36.34 37.12 37.54 38.61 13.56 28 4.88 6.6 4 4 2.68 1.04 1.44
#1992 1 1 0 0 1 1 20.44 25.01 29.66 32.87 34.36 36.08 36.49 37 38.63 12.8 30.32 11.68 8.2 6.76 4.8 2.96 1.6 0.64
#1993 1 1 0 0 1 1 19.68 27 29.05 31.97 36.08 36.48 38.08 38.24 39.06 60.44 15.32 14.84 3.6 4.08 3.8 2.04 2.04 1.36
#1994 1 1 0 0 1 1 21.76 24.51 27.75 31.04 34.44 36.38 37.36 38.21 39 55.6 48.6 10.08 4.04 2.64 1.36 1.32 0.56 0.36
#1995 1 1 0 0 1 1 20.24 25 27.92 31.82 35.45 37.08 38.32 38.38 40.1 67.16 28.64 6.36 1.12 0.8 1.92 1 0.84 0.4
#1996 1 1 0 0 1 1 21.9 25.28 29.72 33.37 35.87 37.18 37.96 38.41 38.96 27.64 29.16 11.88 6.96 4.6 3.16 1.8 1.36 1
#1997 1 1 0 0 1 1 23.69 27.33 30.1 33 35.44 36.77 38.01 38.16 38.56 7.28 28.2 23.92 12.48 8.92 8.52 6.08 5 8.16
#1998 1 1 0 0 1 1 22.55 27.94 29.9 32.01 34.62 36.26 36.59 37.45 37.98 8.52 14.2 28.84 14.4 7.52 5.76 4.6 2.92 3.44
#1999 1 1 0 0 1 1 23.24 26.21 31.15 33.65 34.92 35.81 36.71 37.87 38.24 24.8 5.44 4.68 9.56 9.32 6.88 2.8 1.8 1.36
#2000 1 1 0 0 1 1 21.89 27.38 29.95 34.71 35.47 35.98 36.37 37.5 38 33.28 12.48 4.32 7.28 9.08 5.8 2.6 0.96 0.6
#2001 1 1 0 0 1 1 21.15 27.26 29.92 34.37 35.42 36.3 36.31 36.95 36.6 23.68 36.88 6.88 4.28 5.04 4.32 2.08 0.88 0.4
#2002 1 1 0 0 1 1 22.58 26.38 28.95 31.67 34.56 34.55 36.71 -1 -1 20.52 55.44 7.04 1.72 0.36 0.44 0.28 0 0
#2003 1 1 0 0 1 1 22.11 27.41 30.49 34.46 35.67 37.38 38.13 38.4 39.5 32.6 17.24 7.12 3.04 0.96 0.96 0.6 0.2 0.08
#2004 1 1 0 0 1 1 23.94 27.68 31.05 35.08 36.72 37.67 38.5 38 39.5 84 10.76 3.28 2.08 0.72 0.12 0.08 0.04 0.08
#2005 1 1 0 0 1 1 21.31 27 30.13 32.04 33.64 35.83 35.5 39 -1 68.96 15.36 5.84 1 0.44 0.24 0.08 0.04 0
#2006 1 1 0 0 1 1 22.55 26.51 30.47 34.16 38.46 39.68 40.05 40.83 -1 55.6 26.28 5.88 3.48 2.44 1 0.8 0.24 0
#2007 1 1 0 0 1 1 21.11 25.87 29.37 33.63 36.16 38.7 39.64 40.67 -1 32.68 15.52 7 5.2 2.32 1.08 0.44 0.12 0
#2008 1 1 0 0 1 1 20.44 25.77 27.59 34.54 37.11 38.64 39 -1 -1 7.84 9.04 4.56 5.12 1.84 0.44 0.08 0 0
#2009 1 1 0 0 1 1 20.57 26.73 31.19 36.14 38.29 40.33 42 -1 -1 5.16 7.68 1.68 1.48 0.68 0.12 0.08 0 0
#2010 1 1 0 0 1 1 20.6 23.26 29.03 34.04 37 38.75 37 -1 -1 0.8 6.88 2.6 0.96 0.48 0.16 0.04 0 0

0 #_N_environ_variables
0 #_N_environ_obs
0 # N sizefreq methods to read 
0 # do tags (0/1)
0 # no morphcomp data 

999


ENDDATA
