#C data file created using the SS_writedat function in the R package r4ss
#C should work with SS version: 
#C file write time: 2014-11-03 16:02:48
#
1 #_styr
100 #_endyr
1 #_nseas
12 #_months_per_seas
1 #_spawn_seas
1 #_Nfleet
2 #_Nsurveys
1 #_N_areas
Fishery%Survey%CPUE #_fleetnames
0.5 0.5 0.5 #_surveytiming_in_season
1 1 1 #_area_assignments_for_each_fishery_and_survey
1 #_units of catch:  1=bio; 2=num
0.01 #_se of log(catch) only used for init_eq_catch and for Fmethod 2 and 3
1 #_Ngenders
25 #_Nages
0 #_init_equil_catch_for_each_fishery
100 #_N_lines_of_catch_to_read
  #_Fishery year seas
          0    1    1
          0    2    1
          0    3    1
          0    4    1
          0    5    1
          0    6    1
          0    7    1
          0    8    1
          0    9    1
          0   10    1
          0   11    1
          0   12    1
          0   13    1
          0   14    1
          0   15    1
          0   16    1
          0   17    1
          0   18    1
          0   19    1
          0   20    1
          0   21    1
          0   22    1
          0   23    1
          0   24    1
          0   25    1
 1061640000   26    1
  774752000   27    1
  565507000   28    1
  427089000   29    1
  337095000   30    1
  277272000   31    1
  239326000   32    1
  220231000   33    1
  216435000   34    1
  210402000   35    1
  199835000   36    1
  187020000   37    1
  173228000   38    1
  151436000   39    1
  131181000   40    1
  117197000   41    1
  109496000   42    1
  107911000   43    1
  107485000   44    1
  105944000   45    1
  107265000   46    1
  110855000   47    1
  109163000   48    1
  105569000   49    1
  110294000   50    1
  118760000   51    1
  117359000   52    1
  112175000   53    1
  104237000   54    1
   97749300   55    1
   94633300   56    1
   88487100   57    1
   79672900   58    1
   71383700   59    1
   68763400   60    1
   66643800   61    1
   64728400   62    1
   65381700   63    1
   65144200   64    1
   64620800   65    1
   66652800   66    1
   67631500   67    1
   66694300   68    1
   65343400   69    1
   65217900   70    1
   64536800   71    1
   62339300   72    1
   60109100   73    1
   59352700   74    1
   60348500   75    1
   57665600   76    1
   54679200   77    1
   53423500   78    1
   54142500   79    1
   56650400   80    1
   54563500   81    1
   52809100   82    1
   52659800   83    1
   48772100   84    1
   42734400   85    1
   39394000   86    1
   42512400   87    1
   47672000   88    1
   48821900   89    1
   49579300   90    1
   49336300   91    1
   47444200   92    1
   46526100   93    1
   45368000   94    1
   44198100   95    1
   46201200   96    1
   51788100   97    1
   56943500   98    1
   61382000   99    1
   64328300  100    1
7 #_N_cpue
 #_Fleet Units Errtype
       1     1       0
       2     1       0
       3     1       0
 #_year seas index       obs se_log
     88    1     2 126365603    0.2
     90    1     2 155272174    0.2
     92    1     2 125003698    0.2
     94    1     2 148389392    0.2
     96    1     2 134653384    0.2
     98    1     2 184127378    0.2
    100    1     2 168581098    0.2
0 #_N_discard_fleets
#_discard_units (1=same_as_catchunits(bio/num); 2=fraction; 3=numbers)
#_discard_errtype:  >0 for DF of T-dist(read CV below); 0 for normal with CV; -1 for normal with se; -2 for lognormal
0 #_N_discard
0 #_N_meanbodywt
1 #_DF_for_meanbodywt_T-distribution_like
2 # length bin method: 1=use databins; 2=generate from binwidth,min,max below; 3=read vector
1 # binwidth for population size comp
10 # minimum size in the population (lower edge of first bin and size at age 0.00)
200 # maximum size in the population (lower edge of last bin)
-0.001 #_comp_tail_compression
1e-05 #_add_to_comp
-1 #_combine males into females at or below this bin number
21 #_N_lbins
#_lbin_vector
10 53 70 83 94 101 107 111 114 117 120 123 125 127 130 132 135 138 142 148 200
36 #_N_Length_comp_observations
 #_Yr Seas FltSvy Gender Part Nsamp        l10         l53        l70         l83          l94         l101         l107         l111         l114         l117         l120         l123          l125          l127         l130         l132          l135          l138          l142          l148          l200
   26    1      1      0    0   5.0 0.13747954 0.004934456 0.06356494 0.398330590 0.0108973663 2.679949e-03 1.125113e-03 5.722454e-04 1.348425e-01 1.432211e-14 2.223763e-02 6.402956e-09  2.030284e-40  2.668990e-27 1.093427e-05 1.169964e-11  1.333617e-04  3.967566e-06  2.228667e-01  3.207053e-04  0.000000e+00
   36    1      1      0    0   5.0 0.04504164 0.465917859 0.22693223 0.205635971 0.0349769412 5.229353e-03 1.749255e-10 2.787736e-25 3.922896e-09 3.551571e-06 2.542941e-06 5.379433e-43 9.709866e-185  9.444887e-44 9.365061e-23 7.481493e-24  3.591219e-58  2.861894e-87  1.625991e-02  7.726307e-93  0.000000e+00
   46    1      1      0    0   7.5 0.19405918 0.261789627 0.25761186 0.087953435 0.0005162711 1.731848e-01 1.927105e-03 2.295421e-02 3.564253e-06 6.027909e-16 1.712946e-13 2.729559e-19  6.636115e-32 1.280303e-127 7.143318e-22 1.620081e-23  2.671400e-54 2.264788e-179  1.604017e-88  0.000000e+00  0.000000e+00
   51    1      1      0    0  10.0 0.18094705 0.601898255 0.07525032 0.061509812 0.0435859604 1.184281e-03 2.513521e-03 7.284766e-12 1.365131e-18 9.393035e-09 3.310606e-07 6.823775e-03  1.881469e-40  4.092854e-20 4.901726e-52 1.880727e-49  3.750131e-89  1.732888e-10  4.810417e-05  2.623859e-02  0.000000e+00
   56    1      1      0    0  12.5 0.24468776 0.259804573 0.14105094 0.327232002 0.0002904637 2.072834e-04 2.827048e-05 4.066604e-05 6.254918e-07 7.239654e-08 7.505625e-08 6.910851e-13  3.683322e-27  1.357927e-09 1.056357e-10 2.384337e-23 2.593706e-100  2.665727e-02  1.213033e-36 2.815566e-269  0.000000e+00
   61    1      1      0    0  15.0 0.18334674 0.364262031 0.36122519 0.019042123 0.0246216870 1.672329e-02 5.059298e-03 7.770853e-05 2.153752e-04 6.459383e-05 2.590761e-04 3.831046e-12  9.458128e-32  4.302244e-19 6.218314e-52 3.498648e-04 3.553259e-116  2.475303e-02  2.546428e-49 1.186473e-180  0.000000e+00
   66    1      1      0    0  17.5 0.10920000 0.237255928 0.18222922 0.098320989 0.1426992093 1.018570e-01 3.552720e-02 7.989906e-02 9.425407e-06 7.018236e-11 1.711449e-26 9.902792e-20  8.477089e-12  1.691677e-20 7.259723e-51 1.299995e-02  2.042673e-06  1.836724e-48  4.781625e-98 7.799110e-111  0.000000e+00
   71    1      1      0    0  20.0 0.27335676 0.320170763 0.25438571 0.112301919 0.0053433314 2.314633e-02 7.345204e-06 1.128163e-02 3.951239e-06 3.775536e-08 1.837074e-17 1.269266e-16  1.441474e-42  2.206707e-06 9.001348e-13 7.242876e-23  1.583571e-08  1.303379e-62  3.934423e-38  4.666143e-51  0.000000e+00
   76    1      1      0    0  22.5 0.13103105 0.338703882 0.17960790 0.093992180 0.0529361149 4.531777e-03 8.903377e-03 2.341091e-03 2.730778e-03 1.834068e-01 1.134818e-06 8.537559e-16  1.378477e-08  4.163076e-10 3.176592e-16 4.164680e-09  1.770089e-04  1.597594e-56  1.636884e-03 3.444272e-140  0.000000e+00
   81    1      1      0    0  25.0 0.23614941 0.353056011 0.09666853 0.159928104 0.0773992627 1.929609e-02 4.562759e-04 8.496486e-07 1.030739e-02 7.771973e-05 1.182511e-06 1.154894e-03  6.756948e-32  1.235149e-08 3.493384e-46 4.550426e-02  1.515637e-13  9.217434e-23  2.659680e-17  5.444261e-88  0.000000e+00
   82    1      1      0    0  25.0 0.24565472 0.176438463 0.47322910 0.043207977 0.0276072416 6.171327e-03 1.068672e-03 1.796420e-09 1.238157e-02 4.047234e-06 6.228095e-04 6.411858e-11  2.126760e-11  1.361170e-02 7.058231e-21 2.042561e-25  7.060099e-13  1.476616e-58  2.360880e-06 5.165407e-147  0.000000e+00
   83    1      1      0    0  25.0 0.18170558 0.517294855 0.10076845 0.050652671 0.0479215751 2.407632e-03 1.318656e-02 1.301114e-02 6.841823e-04 6.091303e-09 5.740959e-09 8.782018e-07  3.632438e-08  7.236642e-02 4.758947e-28 1.717288e-17  9.577692e-34  4.881483e-10  3.265752e-35  1.160807e-41  0.000000e+00
   84    1      1      0    0  25.0 0.10966654 0.333525128 0.19657911 0.111224000 0.0856698139 1.013878e-02 6.782190e-02 7.097258e-04 1.314180e-02 8.114967e-10 1.545180e-05 6.271121e-02  8.796301e-03  2.493840e-12 8.288249e-20 2.411083e-07  2.087113e-15  8.394782e-41  1.709574e-15  1.302075e-34  0.000000e+00
   85    1      1      0    0  25.0 0.13285941 0.044335110 0.28295969 0.232301652 0.1398734299 7.911652e-02 5.315627e-02 3.107026e-02 3.884219e-04 6.518967e-05 2.895831e-03 3.203198e-04  7.379141e-12  4.365804e-06 1.078124e-19 3.108798e-05  3.206502e-27  6.224439e-04  6.452478e-19  2.380368e-10  0.000000e+00
   86    1      1      0    0  25.0 0.28258155 0.342697868 0.25995075 0.029552916 0.0393623938 1.760354e-02 1.173242e-02 7.070299e-03 7.865913e-03 2.245245e-05 3.805068e-04 8.399182e-05  1.043642e-03  8.603929e-12 3.960735e-07 4.903911e-40  5.136122e-05  2.175980e-35  4.166846e-22  1.120053e-36  0.000000e+00
   87    1      1      0    0  25.0 0.24712844 0.367476419 0.24148478 0.038455885 0.0846071625 1.256973e-02 7.447748e-03 7.864232e-04 7.861188e-06 1.277217e-06 1.369009e-15 1.541648e-30  7.346189e-14  2.509431e-05 5.068339e-21 9.178988e-06  9.488302e-16  1.758431e-53  1.095242e-37  7.719111e-20  0.000000e+00
   88    1      1      0    0  25.0 0.20556702 0.515236258 0.19951124 0.039560402 0.0104106241 1.216337e-03 2.605083e-02 1.343829e-03 2.201427e-04 6.910562e-04 1.818836e-04 1.038205e-05  2.117327e-09  1.102925e-14 1.141785e-65 7.968217e-35  8.203944e-47 1.209399e-154  1.758917e-56 2.481392e-103  0.000000e+00
   89    1      1      0    0  25.0 0.20936130 0.243386086 0.47431997 0.038849377 0.0219761300 7.250556e-04 1.677928e-03 2.543428e-10 9.530792e-03 1.483351e-04 2.534153e-07 8.983144e-17  2.028815e-22  3.230692e-12 7.945278e-08 9.051415e-10  2.468733e-05  1.122075e-51  1.143973e-39  7.709383e-09  0.000000e+00
   90    1      1      0    0  25.0 0.28141593 0.301693327 0.28655701 0.009084872 0.0668996990 4.958210e-02 3.712035e-06 1.132596e-06 1.085907e-11 1.040809e-06 1.498769e-03 8.978497e-05  2.108817e-03  3.363747e-11 1.063778e-03 3.088096e-08  1.762313e-21  3.847103e-31  4.820295e-89 6.833741e-132  0.000000e+00
   91    1      1      0    0  25.0 0.19046617 0.485191790 0.10971326 0.076691365 0.1021393111 4.573746e-03 3.195645e-07 2.069409e-02 8.170403e-05 3.702944e-03 1.277333e-07 1.389337e-10  6.358780e-15  6.745169e-03 1.459467e-23 2.240326e-17  5.243594e-14  2.871230e-46  1.787480e-49  8.592767e-34  0.000000e+00
   92    1      1      0    0  25.0 0.24068476 0.189576647 0.23590903 0.071534204 0.0764661571 1.770746e-02 1.446786e-01 8.091284e-05 3.885488e-03 1.582523e-02 3.646822e-03 1.794554e-18  1.642237e-09  5.837443e-08 2.602087e-38 1.004222e-18  1.847891e-35  4.367591e-06  2.281049e-07  6.909292e-56  0.000000e+00
   93    1      1      0    0  25.0 0.34568384 0.179024498 0.09687247 0.123282142 0.0951449699 4.240327e-03 2.084778e-02 6.142491e-02 7.743787e-03 1.252410e-02 4.360639e-21 4.578895e-08  8.842963e-12  1.624672e-14 5.187656e-02 1.334367e-03  1.910062e-13  2.085836e-07  2.994890e-14  7.839144e-23  0.000000e+00
   94    1      1      0    0  25.0 0.31729341 0.137094931 0.31949775 0.129022943 0.0363812781 8.805225e-03 2.682884e-03 3.370288e-03 7.040191e-03 1.306500e-03 8.896093e-07 1.150887e-15  2.807992e-08  3.613173e-02 9.963699e-04 3.915414e-43  1.210261e-12  1.206915e-32  1.143095e-49  3.755817e-04  0.000000e+00
   95    1      1      0    0  25.0 0.26127603 0.368122098 0.12943554 0.118274905 0.0171184771 6.856188e-02 5.903329e-07 3.005788e-02 5.204777e-03 2.034015e-10 4.222312e-05 8.055168e-08  1.340179e-03  5.636566e-04 8.223502e-12 1.287486e-06  4.087743e-07  4.135650e-15  1.981876e-14  7.960506e-83 1.675688e-254
   96    1      1      0    0  25.0 0.45925245 0.168975878 0.23424139 0.034555104 0.0688585027 4.185404e-03 3.578557e-04 2.028227e-06 2.841303e-02 5.567180e-07 8.923504e-13 1.369995e-29  1.098303e-12  1.157793e-03 4.605747e-09 6.392604e-39  1.152125e-37  3.138486e-12  7.168312e-11 7.619450e-156 5.089357e-199
   97    1      1      0    0  25.0 0.34809182 0.471881930 0.15829725 0.007726179 0.0108933254 9.213084e-06 2.944491e-03 1.324235e-05 3.532250e-06 3.814483e-07 1.511293e-18 1.400486e-35  1.073589e-04  2.173706e-05 6.913769e-06 2.619162e-06  2.809010e-18  2.088849e-23 1.952725e-194  1.033046e-91  4.551964e-81
   98    1      1      0    0  25.0 0.25720239 0.343368602 0.19827956 0.165078949 0.0323213497 2.770809e-04 6.592661e-07 3.032068e-03 2.694128e-04 3.022528e-11 9.102497e-10 6.276273e-22  8.230399e-17  4.364814e-11 1.699271e-04 6.164291e-38  1.443108e-15  2.376630e-63  1.340989e-66  1.513305e-26 3.174586e-299
   99    1      1      0    0  25.0 0.43646989 0.145523778 0.23653718 0.152299699 0.0270502973 1.678287e-04 2.758610e-05 1.148560e-04 1.056835e-09 9.927671e-20 8.833943e-09 7.561001e-13  1.037068e-16  1.364645e-03 9.409839e-57 4.436043e-04  2.709092e-42  6.215142e-07  2.250074e-43 4.217094e-105  0.000000e+00
  100    1      1      0    0  25.0 0.08363993 0.412196365 0.14967281 0.155208291 0.0572694684 1.141086e-01 1.506763e-02 2.185933e-06 7.403448e-05 3.539086e-10 3.111675e-29 7.867032e-05  4.917149e-14  1.315638e-14 1.123728e-33 9.698850e-03  1.768202e-09  2.983158e-03  2.616224e-91 2.052468e-303  0.000000e+00
   88    1      2      0    0 100.0 0.25000000 0.450000000 0.21000000 0.040000000 0.0200000000 0.000000e+00 1.000000e-02 1.000000e-02 0.000000e+00 1.000000e-02 0.000000e+00 0.000000e+00  0.000000e+00  0.000000e+00 0.000000e+00 0.000000e+00  0.000000e+00  0.000000e+00  0.000000e+00  0.000000e+00  0.000000e+00
   90    1      2      0    0 100.0 0.39000000 0.210000000 0.17000000 0.140000000 0.0400000000 4.000000e-02 0.000000e+00 0.000000e+00 0.000000e+00 0.000000e+00 0.000000e+00 0.000000e+00  0.000000e+00  0.000000e+00 0.000000e+00 0.000000e+00  1.000000e-02  0.000000e+00  0.000000e+00  0.000000e+00  0.000000e+00
   92    1      2      0    0 100.0 0.26000000 0.280000000 0.20000000 0.110000000 0.0300000000 2.000000e-02 4.000000e-02 2.000000e-02 0.000000e+00 1.000000e-02 0.000000e+00 0.000000e+00  1.000000e-02  0.000000e+00 0.000000e+00 1.000000e-02  0.000000e+00  1.000000e-02  0.000000e+00  0.000000e+00  0.000000e+00
   94    1      2      0    0 100.0 0.35000000 0.280000000 0.13000000 0.100000000 0.0700000000 2.000000e-02 3.000000e-02 0.000000e+00 0.000000e+00 1.000000e-02 0.000000e+00 0.000000e+00  0.000000e+00  0.000000e+00 0.000000e+00 1.000000e-02  0.000000e+00  0.000000e+00  0.000000e+00  0.000000e+00  0.000000e+00
   96    1      2      0    0 100.0 0.40000000 0.290000000 0.17000000 0.070000000 0.0300000000 1.000000e-02 1.000000e-02 1.000000e-02 0.000000e+00 1.000000e-02 0.000000e+00 0.000000e+00  0.000000e+00  0.000000e+00 0.000000e+00 0.000000e+00  0.000000e+00  0.000000e+00  0.000000e+00  0.000000e+00  0.000000e+00
   98    1      2      0    0 100.0 0.28000000 0.380000000 0.18000000 0.070000000 0.0400000000 1.000000e-02 1.000000e-02 1.000000e-02 0.000000e+00 0.000000e+00 0.000000e+00 0.000000e+00  1.000000e-02  1.000000e-02 0.000000e+00 0.000000e+00  0.000000e+00  0.000000e+00  0.000000e+00  0.000000e+00  0.000000e+00
  100    1      2      0    0 100.0 0.16000000 0.380000000 0.19000000 0.140000000 0.0800000000 2.000000e-02 2.000000e-02 1.000000e-02 0.000000e+00 0.000000e+00 0.000000e+00 0.000000e+00  0.000000e+00  0.000000e+00 0.000000e+00 0.000000e+00  0.000000e+00  0.000000e+00  0.000000e+00  0.000000e+00  0.000000e+00
25 #_N_agebins
#_agebin_vector
1 2 3 4 5 6 7 8 9 10 11 12 13 14 15 16 17 18 19 20 21 22 23 24 25
1 #_N_ageerror_definitions
 #_age0   age1   age2   age3   age4   age5   age6   age7   age8   age9  age10  age11  age12  age13  age14  age15  age16  age17  age18  age19  age20  age21  age22  age23  age24  age25
 -1.000 -1.000 -1.000 -1.000 -1.000 -1.000 -1.000 -1.000 -1.000 -1.000 -1.000 -1.000 -1.000 -1.000 -1.000 -1.000 -1.000 -1.000 -1.000 -1.000 -1.000 -1.000 -1.000 -1.000 -1.000 -1.000
  0.001  0.001  0.001  0.001  0.001  0.001  0.001  0.001  0.001  0.001  0.001  0.001  0.001  0.001  0.001  0.001  0.001  0.001  0.001  0.001  0.001  0.001  0.001  0.001  0.001  0.001
29 #_N_agecomp
1 #_Lbin_method: 1=poplenbins; 2=datalenbins; 3=lengths
0 #_combine males into females at or below this bin number
 #_Yr Seas FltSvy Gender Part Ageerr Lbin_lo Lbin_hi Nsamp           a1         a2         a3           a4          a5          a6           a7           a8           a9          a10          a11          a12          a13           a14           a15           a16           a17           a18           a19           a20           a21           a22           a23           a24           a25
   26    1      1      0    0      1      -1      -1   5.0 2.378575e-02 0.16296707 0.22792324 0.0004088559 0.127463635 0.049882396 4.302009e-03 3.585485e-01 5.274579e-07 2.955577e-02 1.465593e-02 4.362597e-04 1.036494e-08  9.897274e-15  2.396916e-29  3.135456e-08  7.514788e-44  2.480316e-13  9.615913e-13  6.999438e-05  2.751124e-83  2.521927e-21  2.287703e-99  2.642645e-36  1.513675e-14
   36    1      1      0    0      1      -1      -1   5.0 1.479312e-04 0.43247599 0.17425644 0.0090732632 0.253374801 0.005136713 7.948130e-03 4.488329e-11 1.111131e-01 6.289647e-03 1.871082e-72 2.236315e-30 9.162271e-16  5.907591e-17 8.793269e-195  1.297805e-13  4.151912e-50  1.244905e-04  0.000000e+00  1.991379e-94  1.176256e-16  0.000000e+00  0.000000e+00  5.946989e-05  8.880438e-83
   46    1      1      0    0      1      -1      -1   7.5 6.133353e-03 0.34919754 0.06635105 0.2057941506 0.068455773 0.303494231 8.889598e-05 8.748508e-06 1.671884e-11 2.937902e-24 2.326175e-08 3.381197e-11 3.492822e-06  8.744546e-91  4.727449e-04  6.873196e-77  2.747730e-94  2.084934e-53 5.641876e-252  0.000000e+00  0.000000e+00  0.000000e+00  0.000000e+00  0.000000e+00  0.000000e+00
   51    1      1      0    0      1      -1      -1  10.0 7.674182e-02 0.02779461 0.53099380 0.2150440642 0.009886826 0.013897129 7.849514e-04 1.248568e-01 5.045412e-13 2.688076e-10 1.266896e-17 2.053466e-41 2.425664e-20 2.428562e-176  0.000000e+00 6.428955e-259  1.165794e-92  0.000000e+00 8.855111e-214  0.000000e+00  0.000000e+00  0.000000e+00  0.000000e+00  0.000000e+00  0.000000e+00
   56    1      1      0    0      1      -1      -1  12.5 2.741444e-02 0.25301053 0.40659545 0.1191834221 0.058762692 0.126431961 6.502466e-04 1.247234e-03 5.129816e-13 6.675196e-03 4.459356e-06 1.396602e-08 2.435529e-05  3.714097e-57  1.831991e-77  9.857714e-18  3.987996e-35 9.642508e-114  0.000000e+00  2.954272e-98  0.000000e+00  0.000000e+00  0.000000e+00  0.000000e+00 4.118694e-305
   61    1      1      0    0      1      -1      -1  15.0 1.622974e-01 0.25396132 0.30411809 0.0881798908 0.006586230 0.002333992 5.515558e-02 4.965388e-02 1.469207e-02 7.525950e-03 2.799047e-08 2.878010e-10 3.509582e-06  5.549208e-02  4.240307e-38  8.540137e-48  6.733802e-26  3.647949e-74  0.000000e+00 5.763153e-162  1.101332e-47  0.000000e+00  0.000000e+00  0.000000e+00 1.855005e-119
   66    1      1      0    0      1      -1      -1  17.5 6.227173e-02 0.44933600 0.20119028 0.0571575660 0.018676421 0.154796487 3.688127e-02 1.914931e-02 7.351997e-08 7.357552e-07 1.084472e-11 5.236158e-04 1.601794e-05  4.839577e-07  7.771248e-12 3.793058e-142  6.527645e-44  2.347849e-90 1.070979e-131 2.120954e-296  0.000000e+00  0.000000e+00  0.000000e+00  0.000000e+00 1.594225e-225
   71    1      1      0    0      1      -1      -1  20.0 4.079237e-02 0.09839145 0.20760020 0.3978540064 0.123776186 0.033178226 2.464128e-02 2.687890e-02 5.271187e-03 6.116383e-03 2.032967e-03 2.101645e-20 3.346636e-02  1.271436e-27 2.975955e-178  2.154229e-39  2.265199e-60  4.798282e-07  0.000000e+00  0.000000e+00  5.515151e-11  0.000000e+00  0.000000e+00  0.000000e+00  0.000000e+00
   76    1      1      0    0      1      -1      -1  22.5 4.342817e-02 0.10743395 0.17889835 0.4282961251 0.050445809 0.019385513 9.176202e-03 1.496117e-02 1.004931e-03 8.044598e-04 3.452594e-03 1.427127e-01 6.876145e-11  1.573314e-25  1.120425e-17  1.464530e-25  3.417555e-17 1.700797e-124  0.000000e+00  0.000000e+00  0.000000e+00 1.038580e-196 9.663175e-215  0.000000e+00  0.000000e+00
   81    1      1      0    0      1      -1      -1  25.0 1.176081e-02 0.20246894 0.35047224 0.3204993758 0.036093072 0.002254882 4.393601e-03 5.648965e-02 9.531019e-04 2.144771e-04 1.247838e-02 1.424396e-06 1.748338e-03  4.219235e-06  1.674816e-04  8.007748e-18  2.142444e-39  1.552842e-13 1.456139e-208  4.725717e-86 1.227284e-233  0.000000e+00  0.000000e+00  0.000000e+00  0.000000e+00
   82    1      1      0    0      1      -1      -1  25.0 1.369651e-02 0.56267465 0.13987544 0.0724972520 0.136843321 0.010947319 1.917319e-05 1.957904e-02 2.916537e-02 1.289971e-02 1.155672e-03 9.188448e-05 5.273469e-04  8.494733e-24  2.730553e-05  5.530399e-23 1.059710e-123  6.163124e-47  1.221354e-13  0.000000e+00  0.000000e+00  0.000000e+00  0.000000e+00 3.929123e-122  0.000000e+00
   83    1      1      0    0      1      -1      -1  25.0 2.166940e-04 0.27675193 0.42076431 0.0336728651 0.109439198 0.081495722 3.840202e-02 2.748731e-02 1.030891e-02 1.002524e-04 1.357288e-03 3.323588e-06 3.193862e-08  1.181177e-07  2.304229e-08  1.069624e-87 1.419349e-154  7.074723e-33 1.159382e-239 5.763816e-280  0.000000e+00  0.000000e+00  0.000000e+00  0.000000e+00  0.000000e+00
   84    1      1      0    0      1      -1      -1  25.0 3.731132e-03 0.21822687 0.30595074 0.1908817252 0.020291006 0.051295581 1.170151e-01 1.618667e-02 7.080626e-02 1.639839e-08 1.416608e-03 4.167910e-03 2.698544e-05  3.234515e-06  7.912934e-12  1.478102e-07  9.926737e-60  8.490807e-98 6.131311e-240  0.000000e+00  1.900504e-12  0.000000e+00  7.223747e-18  0.000000e+00  0.000000e+00
   85    1      1      0    0      1      -1      -1  25.0 6.713789e-02 0.24665059 0.01556507 0.2188114365 0.277542347 0.021376080 1.552620e-02 1.341831e-01 5.847924e-04 2.456574e-03 3.325283e-08 4.231738e-18 5.989342e-05  1.660464e-06  1.014914e-04  1.025669e-23  2.836211e-06  3.807084e-52 1.602233e-173 1.936213e-121  9.404414e-15 2.487302e-138  0.000000e+00  0.000000e+00 2.334047e-160
   86    1      1      0    0      1      -1      -1  25.0 8.062614e-02 0.50695153 0.12162425 0.0532276901 0.083445246 0.105748751 4.275650e-03 5.086254e-03 1.183463e-02 3.596501e-05 1.914268e-02 1.618345e-25 6.105873e-03  4.519713e-05  1.073020e-17  1.848309e-03  4.936911e-19  4.124832e-31  2.682784e-50  1.832446e-06 1.377388e-270 1.089114e-232  0.000000e+00  0.000000e+00 4.457310e-288
   87    1      1      0    0      1      -1      -1  25.0 2.497823e-02 0.65106712 0.16235873 0.0696559696 0.016908606 0.006141479 5.050148e-02 3.097316e-05 5.281784e-03 1.306120e-02 6.593999e-12 1.442243e-05 8.239855e-15  1.762127e-35  1.038318e-14  1.739046e-47  3.936904e-84 1.053389e-170  8.381312e-88  0.000000e+00  0.000000e+00  0.000000e+00  0.000000e+00 4.760311e-156  5.019632e-11
   88    1      1      0    0      1      -1      -1  25.0 1.025064e-02 0.24860409 0.48991590 0.1708996128 0.003511286 0.004917947 2.972068e-03 4.053909e-02 1.447266e-06 2.826970e-02 5.543407e-07 3.510755e-09 1.144193e-04 3.658621e-107  3.244034e-06  4.082124e-34  4.255362e-25  0.000000e+00  4.331494e-09  9.324204e-29  3.557075e-34 7.651285e-220  0.000000e+00  0.000000e+00  0.000000e+00
   89    1      1      0    0      1      -1      -1  25.0 4.464206e-02 0.30402046 0.16629589 0.3148632995 0.073279122 0.002234018 2.576494e-03 3.172054e-02 6.016271e-02 5.207325e-10 1.022492e-07 8.728268e-05 1.301915e-10  2.319357e-27  2.086360e-10  8.979807e-51  1.180225e-04  2.415207e-70 3.849176e-287  0.000000e+00  3.977193e-72 7.721671e-294 3.474554e-283 9.478939e-305  0.000000e+00
   90    1      1      0    0      1      -1      -1  25.0 1.201966e-02 0.12262270 0.26148195 0.1567794454 0.397794437 0.003523504 6.484905e-03 3.478024e-03 3.452682e-02 3.859831e-06 3.607603e-16 7.139855e-04 6.215058e-17  5.707090e-04  6.636250e-38  6.077920e-34 1.092381e-166  5.638853e-16  0.000000e+00  0.000000e+00  4.458135e-65  0.000000e+00  0.000000e+00  0.000000e+00  0.000000e+00
   91    1      1      0    0      1      -1      -1  25.0 4.012875e-05 0.19009856 0.22006271 0.2401218715 0.076825731 0.210627549 3.580034e-02 5.897800e-04 1.027488e-03 5.891912e-10 2.480582e-02 1.939683e-08 6.358925e-25  4.584967e-12  1.076697e-25 1.325391e-141  0.000000e+00 6.431478e-236 1.806671e-130  0.000000e+00 1.020945e-215  6.867502e-20  0.000000e+00  0.000000e+00  0.000000e+00
   92    1      1      0    0      1      -1      -1  25.0 1.102501e-02 0.32124731 0.15541587 0.2481153272 0.053450099 0.009383191 4.875059e-02 9.561665e-02 1.791400e-02 1.224125e-14 3.835998e-02 6.425707e-04 7.939225e-05  2.020724e-19  2.168924e-08  1.652918e-20  8.829180e-35  0.000000e+00  5.123696e-82  0.000000e+00 4.679328e-222 1.028398e-281  3.141465e-20  0.000000e+00  0.000000e+00
   93    1      1      0    0      1      -1      -1  25.0 7.455474e-03 0.47617115 0.23138441 0.0696987643 0.113077848 0.035961586 3.979240e-02 2.419421e-02 2.255541e-03 3.853036e-12 2.313838e-07 2.502665e-11 3.733227e-06  1.124813e-14  1.134127e-07  1.074071e-26 9.169884e-137  4.531677e-06 1.849772e-313  0.000000e+00  0.000000e+00  3.587972e-39 2.771323e-181  1.075205e-30 8.071175e-104
   94    1      1      0    0      1      -1      -1  25.0 5.048169e-02 0.19293990 0.27522351 0.1595151028 0.134050662 0.132373106 1.268844e-02 5.541837e-03 2.052122e-02 1.513686e-02 3.705342e-04 9.775519e-07 1.550476e-27  5.589630e-04  5.971977e-04  7.946387e-43  2.743794e-14 1.884025e-105  0.000000e+00  0.000000e+00 5.739296e-181  0.000000e+00  0.000000e+00 7.211278e-318 1.195417e-101
   95    1      1      0    0      1      -1      -1  25.0 2.371302e-02 0.43656314 0.14845134 0.1736420664 0.048504877 0.058283652 4.143007e-02 2.267136e-03 3.796758e-02 2.055275e-02 1.324444e-06 8.623046e-03 1.645415e-22  1.286920e-12  1.905043e-10  5.870372e-12  1.953150e-26  1.793030e-65 1.647906e-199 6.062849e-290  2.256947e-42 6.493878e-254  3.372565e-80  0.000000e+00  0.000000e+00
   96    1      1      0    0      1      -1      -1  25.0 2.485481e-02 0.39723370 0.28726085 0.1005350695 0.151559245 0.014007819 1.667940e-02 6.053261e-03 1.733814e-03 1.916606e-14 7.788297e-05 1.037438e-12 4.100131e-06  5.114339e-08  1.988883e-25  1.291694e-21  3.973881e-21  1.225924e-34  8.943056e-26 1.090997e-261  0.000000e+00  2.653231e-91  0.000000e+00  0.000000e+00  0.000000e+00
   97    1      1      0    0      1      -1      -1  25.0 1.107694e-01 0.21132468 0.26184136 0.0567006073 0.027169288 0.203990424 1.490958e-02 1.507273e-03 7.820447e-05 1.419868e-03 1.011578e-01 8.857040e-03 2.744028e-04  1.747960e-30  9.909071e-67  2.567981e-08  1.249718e-27  3.822599e-23 1.226261e-300  1.952702e-78  0.000000e+00  9.825757e-23  0.000000e+00  0.000000e+00  0.000000e+00
   98    1      1      0    0      1      -1      -1  25.0 3.994754e-02 0.15952004 0.34994142 0.2944160552 0.098130687 0.029452416 1.147538e-03 1.232363e-02 4.186841e-04 2.966393e-03 1.804896e-16 1.173543e-02 1.629282e-07  4.200695e-54  3.546225e-90  0.000000e+00 1.644761e-107 2.714144e-165  0.000000e+00 2.125769e-241  0.000000e+00  1.691157e-15  0.000000e+00  0.000000e+00  0.000000e+00
   99    1      1      0    0      1      -1      -1  25.0 4.351493e-02 0.36589675 0.16254700 0.1995191253 0.187934261 0.029382702 9.308191e-04 9.957029e-04 7.969731e-03 1.308572e-03 5.788477e-08 1.212362e-16 2.788542e-55  5.074910e-19  3.492353e-07  1.315953e-90  0.000000e+00  2.788615e-82 9.916653e-132  0.000000e+00  0.000000e+00 3.088112e-254  0.000000e+00  3.957628e-86  1.653465e-10
  100    1      1      0    0      1      -1      -1  25.0 5.320650e-04 0.17378359 0.44842568 0.1348356452 0.069820128 0.075035524 3.901704e-02 5.843004e-02 1.202025e-04 8.524427e-08 1.839025e-09 1.156622e-12 6.071095e-32  1.593137e-54  3.831852e-44  2.264069e-16  3.064688e-41 1.360167e-297  0.000000e+00  0.000000e+00 2.978054e-203  1.121907e-92  0.000000e+00 3.145483e-310 4.141798e-308
0 #_N_MeanSize_at_Age_obs
0 #_N_environ_variables
0 #_N_environ_obs
0 #_N_sizefreq_methods
0 #_do_tags
0 #_morphcomp_data
#
999
