1 #_styr
100 #_endyr
1 #_nseas
 12 #_months/season
1 #_spawn_seas
1 #_Nfleet
2 #_Nsurveys
1 #_N_areas
Fishery%Survey%CPUE
 0.5 0.5 0.5 #_surveytiming_in_season
 1 1 1 #_area_assignments_for_each_fishery_and_survey
 1 #_units of catch:  1=bio; 2=num
 0.01 #_se of log(catch) only used for init_eq_catch and for Fmethod 2 and 3; use -1 for discard only fleets
1 #_Ngenders
25 #_Nages
 0 #_init_equil_catch_for_each_fishery
100 #_N_lines_of_catch_to_read
#_catch_biomass(mtons):_columns_are_fisheries,year,season
0 1 1
0 2 1
0 3 1
0 4 1
0 5 1
0 6 1
0 7 1
0 8 1
0 9 1
0 10 1
0 11 1
0 12 1
0 13 1
0 14 1
0 15 1
0 16 1
0 17 1
0 18 1
0 19 1
0 20 1
0 21 1
0 22 1
0 23 1
0 24 1
0 25 1
8.95123e+008 26 1
7.08528e+008 27 1
5.59743e+008 28 1
4.43834e+008 29 1
3.70665e+008 30 1
3.21121e+008 31 1
2.78725e+008 32 1
2.40959e+008 33 1
2.16253e+008 34 1
2.06125e+008 35 1
1.89672e+008 36 1
1.67388e+008 37 1
1.5014e+008 38 1
1.36823e+008 39 1
1.23683e+008 40 1
1.15791e+008 41 1
1.08163e+008 42 1
9.82784e+007 43 1
8.75776e+007 44 1
8.2347e+007 45 1
8.25371e+007 46 1
8.27391e+007 47 1
8.05738e+007 48 1
8.10862e+007 49 1
8.56926e+007 50 1
8.61353e+007 51 1
8.51425e+007 52 1
8.72789e+007 53 1
9.29293e+007 54 1
9.02868e+007 55 1
8.24459e+007 56 1
7.66077e+007 57 1
7.47337e+007 58 1
7.15863e+007 59 1
6.65321e+007 60 1
6.56991e+007 61 1
6.83988e+007 62 1
7.10092e+007 63 1
7.69107e+007 64 1
7.46674e+007 65 1
7.19945e+007 66 1
7.34226e+007 67 1
7.51567e+007 68 1
7.97489e+007 69 1
8.17214e+007 70 1
7.85159e+007 71 1
7.40727e+007 72 1
6.96951e+007 73 1
6.79307e+007 74 1
6.78947e+007 75 1
7.05352e+007 76 1
7.30939e+007 77 1
7.86861e+007 78 1
8.3916e+007 79 1
7.99339e+007 80 1
7.26856e+007 81 1
6.85073e+007 82 1
6.65034e+007 83 1
6.53978e+007 84 1
6.92631e+007 85 1
6.9117e+007 86 1
6.45912e+007 87 1
5.96367e+007 88 1
5.67954e+007 89 1
5.39587e+007 90 1
5.23202e+007 91 1
5.60812e+007 92 1
6.09598e+007 93 1
6.05091e+007 94 1
5.86079e+007 95 1
5.60515e+007 96 1
5.3179e+007 97 1
5.25088e+007 98 1
5.27195e+007 99 1
5.40035e+007 100 1
#
150 #_N_cpue_and_surveyabundance_observations
#_Units:  0=numbers; 1=biomass; 2=F
#_Errtype:  -1=normal; 0=lognormal; >0=T
#_Fleet Units Errtype
1 1 0
2 1 0
3 1 0
#_year seas index obs err
26 1 2 2.85544e+009 0.2 #_orig_obs: 1 Survey
27 1 2 2.2585e+009 0.2 #_orig_obs: 1 Survey
28 1 2 1.77745e+009 0.2 #_orig_obs: 1 Survey
29 1 2 1.42241e+009 0.2 #_orig_obs: 1 Survey
30 1 2 1.19468e+009 0.2 #_orig_obs: 1 Survey
31 1 2 1.03042e+009 0.2 #_orig_obs: 1 Survey
32 1 2 8.9349e+008 0.2 #_orig_obs: 1 Survey
33 1 2 7.71991e+008 0.2 #_orig_obs: 1 Survey
34 1 2 7.05514e+008 0.2 #_orig_obs: 1 Survey
35 1 2 6.65695e+008 0.2 #_orig_obs: 1 Survey
36 1 2 6.06257e+008 0.2 #_orig_obs: 1 Survey
37 1 2 5.3659e+008 0.2 #_orig_obs: 1 Survey
38 1 2 4.86308e+008 0.2 #_orig_obs: 1 Survey
39 1 2 4.38562e+008 0.2 #_orig_obs: 1 Survey
40 1 2 4.00647e+008 0.2 #_orig_obs: 1 Survey
41 1 2 3.74473e+008 0.2 #_orig_obs: 1 Survey
42 1 2 3.48303e+008 0.2 #_orig_obs: 1 Survey
43 1 2 3.14611e+008 0.2 #_orig_obs: 1 Survey
44 1 2 2.82388e+008 0.2 #_orig_obs: 1 Survey
45 1 2 2.6977e+008 0.2 #_orig_obs: 1 Survey
46 1 2 2.68988e+008 0.2 #_orig_obs: 1 Survey
47 1 2 2.68633e+008 0.2 #_orig_obs: 1 Survey
48 1 2 2.59854e+008 0.2 #_orig_obs: 1 Survey
49 1 2 2.68627e+008 0.2 #_orig_obs: 1 Survey
50 1 2 2.77727e+008 0.2 #_orig_obs: 1 Survey
51 1 2 2.80005e+008 0.2 #_orig_obs: 1 Survey
52 1 2 2.75528e+008 0.2 #_orig_obs: 1 Survey
53 1 2 2.89372e+008 0.2 #_orig_obs: 1 Survey
54 1 2 3.00716e+008 0.2 #_orig_obs: 1 Survey
55 1 2 2.89183e+008 0.2 #_orig_obs: 1 Survey
56 1 2 2.64509e+008 0.2 #_orig_obs: 1 Survey
57 1 2 2.50111e+008 0.2 #_orig_obs: 1 Survey
58 1 2 2.42201e+008 0.2 #_orig_obs: 1 Survey
59 1 2 2.30823e+008 0.2 #_orig_obs: 1 Survey
60 1 2 2.14154e+008 0.2 #_orig_obs: 1 Survey
61 1 2 2.18211e+008 0.2 #_orig_obs: 1 Survey
62 1 2 2.20624e+008 0.2 #_orig_obs: 1 Survey
63 1 2 2.3626e+008 0.2 #_orig_obs: 1 Survey
64 1 2 2.48635e+008 0.2 #_orig_obs: 1 Survey
65 1 2 2.39206e+008 0.2 #_orig_obs: 1 Survey
66 1 2 2.36387e+008 0.2 #_orig_obs: 1 Survey
67 1 2 2.39002e+008 0.2 #_orig_obs: 1 Survey
68 1 2 2.46508e+008 0.2 #_orig_obs: 1 Survey
69 1 2 2.61639e+008 0.2 #_orig_obs: 1 Survey
70 1 2 2.62783e+008 0.2 #_orig_obs: 1 Survey
71 1 2 2.53842e+008 0.2 #_orig_obs: 1 Survey
72 1 2 2.38177e+008 0.2 #_orig_obs: 1 Survey
73 1 2 2.26913e+008 0.2 #_orig_obs: 1 Survey
74 1 2 2.20609e+008 0.2 #_orig_obs: 1 Survey
75 1 2 2.22576e+008 0.2 #_orig_obs: 1 Survey
76 1 2 2.30666e+008 0.2 #_orig_obs: 1 Survey
77 1 2 2.3866e+008 0.2 #_orig_obs: 1 Survey
78 1 2 2.60843e+008 0.2 #_orig_obs: 1 Survey
79 1 2 2.69782e+008 0.2 #_orig_obs: 1 Survey
80 1 2 2.55996e+008 0.2 #_orig_obs: 1 Survey
81 1 2 2.33625e+008 0.2 #_orig_obs: 1 Survey
82 1 2 2.24537e+008 0.2 #_orig_obs: 1 Survey
83 1 2 2.13717e+008 0.2 #_orig_obs: 1 Survey
84 1 2 2.16422e+008 0.2 #_orig_obs: 1 Survey
85 1 2 2.25527e+008 0.2 #_orig_obs: 1 Survey
86 1 2 2.22256e+008 0.2 #_orig_obs: 1 Survey
87 1 2 2.07114e+008 0.2 #_orig_obs: 1 Survey
88 1 2 1.93398e+008 0.2 #_orig_obs: 1 Survey
89 1 2 1.84089e+008 0.2 #_orig_obs: 1 Survey
90 1 2 1.74249e+008 0.2 #_orig_obs: 1 Survey
91 1 2 1.71597e+008 0.2 #_orig_obs: 1 Survey
92 1 2 1.86475e+008 0.2 #_orig_obs: 1 Survey
93 1 2 1.97273e+008 0.2 #_orig_obs: 1 Survey
94 1 2 1.9507e+008 0.2 #_orig_obs: 1 Survey
95 1 2 1.90097e+008 0.2 #_orig_obs: 1 Survey
96 1 2 1.80369e+008 0.2 #_orig_obs: 1 Survey
97 1 2 1.73215e+008 0.2 #_orig_obs: 1 Survey
98 1 2 1.71022e+008 0.2 #_orig_obs: 1 Survey
99 1 2 1.72026e+008 0.2 #_orig_obs: 1 Survey
100 1 2 1.769e+008 0.2 #_orig_obs: 1 Survey
26 1 3 2.81997e+009 0.4 #_orig_obs: 1 CPUE
27 1 3 2.23211e+009 0.4 #_orig_obs: 1 CPUE
28 1 3 1.7633e+009 0.4 #_orig_obs: 1 CPUE
29 1 3 1.39831e+009 0.4 #_orig_obs: 1 CPUE
30 1 3 1.16787e+009 0.4 #_orig_obs: 1 CPUE
31 1 3 1.01172e+009 0.4 #_orig_obs: 1 CPUE
32 1 3 8.78135e+008 0.4 #_orig_obs: 1 CPUE
33 1 3 7.59139e+008 0.4 #_orig_obs: 1 CPUE
34 1 3 6.81451e+008 0.4 #_orig_obs: 1 CPUE
35 1 3 6.49464e+008 0.4 #_orig_obs: 1 CPUE
36 1 3 5.97548e+008 0.4 #_orig_obs: 1 CPUE
37 1 3 5.2736e+008 0.4 #_orig_obs: 1 CPUE
38 1 3 4.73079e+008 0.4 #_orig_obs: 1 CPUE
39 1 3 4.31062e+008 0.4 #_orig_obs: 1 CPUE
40 1 3 3.89715e+008 0.4 #_orig_obs: 1 CPUE
41 1 3 3.64842e+008 0.4 #_orig_obs: 1 CPUE
42 1 3 3.40791e+008 0.4 #_orig_obs: 1 CPUE
43 1 3 3.09624e+008 0.4 #_orig_obs: 1 CPUE
44 1 3 2.75932e+008 0.4 #_orig_obs: 1 CPUE
45 1 3 2.59501e+008 0.4 #_orig_obs: 1 CPUE
46 1 3 2.60085e+008 0.4 #_orig_obs: 1 CPUE
47 1 3 2.60711e+008 0.4 #_orig_obs: 1 CPUE
48 1 3 2.53863e+008 0.4 #_orig_obs: 1 CPUE
49 1 3 2.55563e+008 0.4 #_orig_obs: 1 CPUE
50 1 3 2.7001e+008 0.4 #_orig_obs: 1 CPUE
51 1 3 2.71416e+008 0.4 #_orig_obs: 1 CPUE
52 1 3 2.68268e+008 0.4 #_orig_obs: 1 CPUE
53 1 3 2.75084e+008 0.4 #_orig_obs: 1 CPUE
54 1 3 2.9281e+008 0.4 #_orig_obs: 1 CPUE
55 1 3 2.84449e+008 0.4 #_orig_obs: 1 CPUE
56 1 3 2.59749e+008 0.4 #_orig_obs: 1 CPUE
57 1 3 2.41406e+008 0.4 #_orig_obs: 1 CPUE
58 1 3 2.35481e+008 0.4 #_orig_obs: 1 CPUE
59 1 3 2.25551e+008 0.4 #_orig_obs: 1 CPUE
60 1 3 2.09617e+008 0.4 #_orig_obs: 1 CPUE
61 1 3 2.07075e+008 0.4 #_orig_obs: 1 CPUE
62 1 3 2.15503e+008 0.4 #_orig_obs: 1 CPUE
63 1 3 2.23815e+008 0.4 #_orig_obs: 1 CPUE
64 1 3 2.42335e+008 0.4 #_orig_obs: 1 CPUE
65 1 3 2.35237e+008 0.4 #_orig_obs: 1 CPUE
66 1 3 2.26884e+008 0.4 #_orig_obs: 1 CPUE
67 1 3 2.31359e+008 0.4 #_orig_obs: 1 CPUE
68 1 3 2.36844e+008 0.4 #_orig_obs: 1 CPUE
69 1 3 2.5132e+008 0.4 #_orig_obs: 1 CPUE
70 1 3 2.57474e+008 0.4 #_orig_obs: 1 CPUE
71 1 3 2.47392e+008 0.4 #_orig_obs: 1 CPUE
72 1 3 2.33375e+008 0.4 #_orig_obs: 1 CPUE
73 1 3 2.19616e+008 0.4 #_orig_obs: 1 CPUE
74 1 3 2.14048e+008 0.4 #_orig_obs: 1 CPUE
75 1 3 2.13959e+008 0.4 #_orig_obs: 1 CPUE
76 1 3 2.22274e+008 0.4 #_orig_obs: 1 CPUE
77 1 3 2.3033e+008 0.4 #_orig_obs: 1 CPUE
78 1 3 2.48002e+008 0.4 #_orig_obs: 1 CPUE
79 1 3 2.6439e+008 0.4 #_orig_obs: 1 CPUE
80 1 3 2.51832e+008 0.4 #_orig_obs: 1 CPUE
81 1 3 2.29003e+008 0.4 #_orig_obs: 1 CPUE
82 1 3 2.15892e+008 0.4 #_orig_obs: 1 CPUE
83 1 3 2.09524e+008 0.4 #_orig_obs: 1 CPUE
84 1 3 2.06114e+008 0.4 #_orig_obs: 1 CPUE
85 1 3 2.18256e+008 0.4 #_orig_obs: 1 CPUE
86 1 3 2.17764e+008 0.4 #_orig_obs: 1 CPUE
87 1 3 2.03496e+008 0.4 #_orig_obs: 1 CPUE
88 1 3 1.87912e+008 0.4 #_orig_obs: 1 CPUE
89 1 3 1.78959e+008 0.4 #_orig_obs: 1 CPUE
90 1 3 1.70011e+008 0.4 #_orig_obs: 1 CPUE
91 1 3 1.64877e+008 0.4 #_orig_obs: 1 CPUE
92 1 3 1.76762e+008 0.4 #_orig_obs: 1 CPUE
93 1 3 1.92077e+008 0.4 #_orig_obs: 1 CPUE
94 1 3 1.90647e+008 0.4 #_orig_obs: 1 CPUE
95 1 3 1.84672e+008 0.4 #_orig_obs: 1 CPUE
96 1 3 1.76599e+008 0.4 #_orig_obs: 1 CPUE
97 1 3 1.67572e+008 0.4 #_orig_obs: 1 CPUE
98 1 3 1.6546e+008 0.4 #_orig_obs: 1 CPUE
99 1 3 1.66127e+008 0.4 #_orig_obs: 1 CPUE
100 1 3 1.70179e+008 0.4 #_orig_obs: 1 CPUE

0 #_N_fleets_with_discard
#_discard_units (1=same_as_catchunits(bio/num); 2=fraction; 3=numbers)
#_discard_errtype:  >0 for DF of T-dist(read CV below); 0 for normal with CV; -1 for normal with se; -2 for lognormal
#Fleet Disc_units err_type
0 #N discard obs
#_year seas index obs err
#
0 #_N_meanbodywt_obs
1 #_DF_for_meanbodywt_T-distribution_like

2 # length bin method: 1=use databins; 2=generate from binwidth,min,max below; 3=read vector
1 # binwidth for population size comp 
10 # minimum size in the population (lower edge of first bin and size at age 0.00) 
200 # maximum size in the population (lower edge of last bin) 

-0.001 #_comp_tail_compression
1e-005 #_add_to_comp
0 #_combine males into females at or below this bin number
21 #_N_LengthBins
 10 53 70 83 94 101 107 111 114 117 120 123 125 127 130 132 135 138 142 148 200
150 #_N_Length_obs
#Yr Seas Flt/Svy Gender Part Nsamp datavector(female-male)
 26 1 1 0 0 100  17.1896 21.7668 17.7178 13.0628 6.70292 4.98232 3.01404 2.10901 1.97649 1.83805 1.69075 1.04011 0.965885 1.30143 0.765948 0.992067 0.806865 0.806986 0.734047 0.535107 0.000999976
 27 1 1 0 0 100  15.723 24.9732 17.068 12.8465 7.05508 5.13768 2.99112 2.04065 1.87757 1.71771 1.55598 0.945449 0.869767 1.15935 0.675798 0.868457 0.701236 0.697588 0.632565 0.462264 0.000999953
 28 1 1 0 0 100  11.7483 24.4755 19.7161 13.58 7.43465 5.57869 3.24696 2.18263 1.97185 1.76834 1.57108 0.940386 0.855733 1.1268 0.649585 0.826888 0.661172 0.651927 0.586247 0.426201 0.000999942
 29 1 1 0 0 100  21.7343 18.4642 17.3424 13.6751 7.22879 5.34004 3.12036 2.10021 1.88939 1.67822 1.47053 0.868418 0.781444 1.01501 0.577546 0.726659 0.573891 0.559221 0.496647 0.356636 0.000999917
 30 1 1 0 0 100  25.0249 26.6335 13.375 10.677 6.26177 4.61353 2.66109 1.77855 1.59249 1.40728 1.22464 0.717746 0.641137 0.824145 0.463737 0.576848 0.449599 0.432082 0.377685 0.266331 0.000999885
 31 1 1 0 0 100  19.7464 31.9971 17.7153 9.389 5.20696 4.08043 2.40451 1.60822 1.43371 1.25893 1.08757 0.633222 0.562428 0.717401 0.400307 0.493464 0.380277 0.360663 0.309859 0.213306 0.000999864
 32 1 1 0 0 100  18.5718 28.1321 21.5154 11.9218 5.15449 3.71471 2.20078 1.49405 1.34506 1.18661 1.02484 0.594866 0.52631 0.667294 0.369786 0.452437 0.345356 0.32383 0.273825 0.183728 0.000999851
 33 1 1 0 0 100  18.8756 26.1501 20.3724 14.026 6.2483 3.96342 2.14977 1.41327 1.25897 1.10899 0.959863 0.558225 0.494171 0.625937 0.345969 0.421486 0.319608 0.296989 0.247706 0.162172 0.000999841
 34 1 1 0 0 100  31.436 23.4973 15.4962 11.4755 5.77472 3.77306 1.95656 1.22296 1.046 0.892597 0.756366 0.435168 0.383262 0.483545 0.266687 0.324143 0.245057 0.226566 0.187211 0.120083 0.000999825
 35 1 1 0 0 100  22.2844 36.0507 16.0591 9.35084 5.0359 3.50004 1.86827 1.16504 0.979601 0.814318 0.669976 0.3765 0.326238 0.404858 0.220483 0.265542 0.199229 0.18303 0.150119 0.0948319 0.000999816
 36 1 1 0 0 100  14.8624 32.1367 24.3598 11.7604 5.06709 3.59181 1.98745 1.26471 1.07347 0.892767 0.72829 0.404029 0.345637 0.421607 0.225548 0.267364 0.197286 0.178579 0.144362 0.0896136 0.000999812
 37 1 1 0 0 100  18.4972 23.0843 23.1439 16.0687 6.53781 3.97185 2.09111 1.32969 1.13861 0.956285 0.785244 0.436247 0.372454 0.451584 0.239283 0.280367 0.203643 0.181039 0.143172 0.0865254 0.000999809
 38 1 1 0 0 100  26.3278 24.0555 16.0217 13.7839 7.07376 4.38187 2.1625 1.30525 1.08161 0.890985 0.725484 0.402267 0.343427 0.416302 0.220305 0.257196 0.185497 0.16302 0.126494 0.0740886 0.000999805
 39 1 1 0 0 100  18.0689 33.2322 17.49 11.1498 6.49189 4.61176 2.41168 1.46051 1.19062 0.956058 0.757714 0.411792 0.347128 0.415915 0.218228 0.253315 0.181682 0.158639 0.121698 0.0694266 0.000999803
 40 1 1 0 0 100  25.9496 24.8727 19.7689 11.2915 5.37592 3.98311 2.24485 1.42692 1.19759 0.976373 0.775088 0.418333 0.349371 0.412859 0.213446 0.244484 0.17293 0.149124 0.112895 0.0630687 0.000999801
 41 1 1 0 0 100  23.8799 31.1633 16.9857 11.2789 5.29117 3.49238 1.92097 1.24273 1.07066 0.897838 0.730493 0.400447 0.337051 0.399918 0.206567 0.235309 0.164759 0.140121 0.104118 0.0567042 0.000999799
 42 1 1 0 0 100  20.4535 31.3357 20.271 11.2667 5.34589 3.60215 1.91017 1.20082 1.0208 0.85504 0.701786 0.389346 0.331219 0.397958 0.20782 0.23847 0.167692 0.14244 0.104826 0.055671 0.000999798
 43 1 1 0 0 100  16.6167 29.1375 22.3245 13.7032 6.02303 3.91343 2.07401 1.30045 1.0972 0.909956 0.740507 0.409135 0.347882 0.419069 0.219963 0.2541 0.180169 0.154229 0.114044 0.0599942 0.000999797
 44 1 1 0 0 100  23.407 23.4044 19.6577 14.2049 6.65238 4.22524 2.16918 1.33736 1.11773 0.920874 0.745384 0.410133 0.34771 0.417675 0.218851 0.252791 0.17957 0.154359 0.114935 0.0607697 0.000999797
 45 1 1 0 0 100  32.7245 26.2984 13.9918 10.4823 5.55875 3.70142 1.91238 1.1684 0.9647 0.784625 0.627801 0.342707 0.289062 0.345435 0.180356 0.207733 0.147315 0.12658 0.0944591 0.0503118 0.000999795
 46 1 1 0 0 100  27.2184 35.2987 15.7515 8.0604 4.26773 3.06325 1.65741 1.03149 0.857334 0.697164 0.554944 0.300964 0.252351 0.299308 0.155229 0.177724 0.125356 0.107249 0.0798218 0.0426152 0.000999794
 47 1 1 0 0 100  24.3433 33.3115 20.6539 9.47675 3.79514 2.61236 1.4513 0.929012 0.789394 0.653042 0.52565 0.286493 0.240489 0.284859 0.147262 0.167817 0.117644 0.0999655 0.0738495 0.0392146 0.000999794
 48 1 1 0 0 100  21.3498 31.3139 21.8835 12.3593 4.71796 2.74576 1.40287 0.880859 0.749741 0.626915 0.511853 0.282323 0.238939 0.285256 0.148285 0.169425 0.118807 0.100691 0.0739219 0.0388498 0.000999794
 49 1 1 0 0 100  36.4285 24.636 16.2008 10.7624 4.61536 2.68058 1.273 0.750588 0.611246 0.496161 0.399037 0.219342 0.185904 0.222937 0.116736 0.134195 0.0947905 0.0807682 0.0594743 0.0311937 0.000999793
 50 1 1 0 0 100  22.6965 39.6122 16.6653 9.10539 4.4799 2.78314 1.34847 0.7851 0.622691 0.488361 0.379177 0.203084 0.169339 0.200146 0.103892 0.118968 0.0840515 0.0718667 0.053256 0.0281036 0.000999793
 51 1 1 0 0 100  24.9987 29.9014 22.6239 10.5859 4.19609 2.76861 1.4182 0.846899 0.678198 0.530944 0.407209 0.2145 0.176087 0.203991 0.103805 0.116935 0.0813513 0.0688006 0.0506924 0.0268177 0.000999793
 52 1 1 0 0 100  23.4563 30.7762 20.0035 12.7392 5.07614 2.88451 1.42116 0.858262 0.700341 0.558225 0.433401 0.229272 0.188037 0.21658 0.109077 0.121327 0.082967 0.0688573 0.0497014 0.0258801 0.000999792
 53 1 1 0 0 100  36.2644 26.1287 15.7359 10.0446 4.59935 2.77439 1.31455 0.760412 0.603559 0.474236 0.367228 0.194975 0.160595 0.185801 0.0939037 0.104379 0.0710858 0.0584228 0.0414372 0.0210559 0.000999792
 54 1 1 0 0 100  21.2526 40.4035 17.542 9.05521 4.34253 2.77046 1.37674 0.809008 0.640668 0.496945 0.378152 0.197947 0.161585 0.185523 0.0933296 0.103539 0.0704397 0.0577895 0.0407256 0.0202724 0.000999792
 55 1 1 0 0 100  15.396 31.5604 26.7376 12.6634 4.86981 3.15148 1.61902 0.974914 0.786397 0.618299 0.473708 0.247965 0.201793 0.230291 0.114816 0.126404 0.0851947 0.069339 0.0484521 0.0237212 0.000999792
 56 1 1 0 0 100  18.6014 23.4306 23.3192 17.2274 6.90086 3.87367 1.88292 1.13035 0.920815 0.73434 0.570791 0.301888 0.247256 0.283742 0.141735 0.156014 0.104734 0.0846635 0.0584979 0.0281009 0.000999792
 57 1 1 0 0 100  30.9771 23.0486 14.9782 13.1402 6.91955 4.24076 2.0037 1.15255 0.909807 0.711212 0.548434 0.290196 0.238521 0.275411 0.138539 0.153395 0.103527 0.0839167 0.0578924 0.0275075 0.000999792
 58 1 1 0 0 100  24.4046 34.7935 15.2696 9.24256 5.48313 3.92139 2.03506 1.21008 0.96103 0.744687 0.564858 0.29446 0.239596 0.274186 0.137185 0.151678 0.102519 0.0834225 0.0578457 0.0274992 0.000999792
 59 1 1 0 0 100  20.8116 32.117 21.5639 10.2576 4.62348 3.44024 1.9419 1.22846 1.02096 0.818921 0.634846 0.333905 0.272122 0.310584 0.154422 0.169587 0.113714 0.0919666 0.0635569 0.0302134 0.000999792
 60 1 1 0 0 100  21.219 27.9839 21.6691 13.2691 5.34418 3.33577 1.80424 1.16137 0.996032 0.829258 0.667077 0.360816 0.299577 0.348123 0.175325 0.193952 0.130447 0.105326 0.0723371 0.0340786 0.000999792
 61 1 1 0 0 100  38.5736 23.7365 14.2549 10.2837 4.74822 2.8948 1.4398 0.878466 0.733935 0.606998 0.492879 0.27103 0.228684 0.271341 0.139706 0.157408 0.107932 0.0885037 0.0614881 0.0290838 0.000999792
 62 1 1 0 0 100  20.6422 41.7939 16.6384 8.37524 4.36713 2.8712 1.45383 0.873 0.710805 0.571569 0.453547 0.246385 0.207064 0.246032 0.127623 0.145404 0.101388 0.0848064 0.0603502 0.0292066 0.000999792
 63 1 1 0 0 100  37.1787 25.0039 19.0714 8.81633 3.28925 2.2309 1.18897 0.732264 0.602257 0.48408 0.380745 0.204579 0.170303 0.200169 0.103066 0.116932 0.0816194 0.0687616 0.0497915 0.0249225 0.000999791
 64 1 1 0 0 100  20.3163 41.3177 17.8977 10.0361 4.05547 2.238 1.10108 0.67512 0.561837 0.458242 0.364582 0.196972 0.164158 0.19258 0.0987498 0.111427 0.0773039 0.0648316 0.0469712 0.0239191 0.000999791
 65 1 1 0 0 100  16.1761 30.3081 27.1622 13.1264 5.11595 3.08454 1.45836 0.841162 0.668668 0.52922 0.415156 0.223567 0.186526 0.219525 0.112852 0.127583 0.0884836 0.0740375 0.053403 0.0271552 0.000999792
 66 1 1 0 0 100  32.9956 21.2945 17.9153 13.936 5.66932 3.16523 1.49481 0.86806 0.685767 0.532492 0.406728 0.214038 0.175767 0.203762 0.10368 0.116552 0.0806195 0.0674283 0.0486579 0.0247719 0.000999792
 67 1 1 0 0 100  26.4715 35.1474 14.5867 9.91312 5.4169 3.35378 1.5797 0.899208 0.699414 0.536554 0.405404 0.211153 0.171737 0.196411 0.0984858 0.109182 0.074436 0.0615019 0.0439773 0.0223301 0.000999792
 68 1 1 0 0 100  30.3833 30.4863 18.5218 8.664 4.02772 2.87677 1.50675 0.897562 0.710957 0.547334 0.410982 0.212053 0.170969 0.193327 0.0957902 0.104958 0.0705568 0.0574035 0.0403065 0.0201218 0.000999792
 69 1 1 0 0 100  29.293 33.3228 17.493 9.37645 3.73079 2.31765 1.22623 0.765391 0.634274 0.508232 0.393215 0.206266 0.167482 0.189862 0.0938518 0.102183 0.0679738 0.0545362 0.0375591 0.0182749 0.000999791
 70 1 1 0 0 100  17.8121 37.0537 22.1729 11.0748 4.49363 2.67017 1.30944 0.787439 0.646359 0.522505 0.412876 0.221415 0.182982 0.21154 0.106237 0.116922 0.078259 0.0627556 0.0427679 0.0202115 0.000999791
 71 1 1 0 0 100  22.4806 25.9415 23.5512 14.0298 5.48152 3.19638 1.53654 0.901817 0.722459 0.571414 0.445073 0.237535 0.196582 0.228868 0.116175 0.129511 0.0880079 0.0715937 0.0493117 0.0231293 0.000999791
 72 1 1 0 0 100  19.7544 29.3783 19.3686 14.5786 6.76612 3.94536 1.85866 1.07327 0.847099 0.659347 0.505228 0.266125 0.218325 0.252209 0.127378 0.141938 0.0967782 0.0793919 0.0554642 0.0263801 0.000999792
 73 1 1 0 0 100  28.4715 25.2576 17.5522 11.8741 6.146 4.06601 2.01078 1.16919 0.918049 0.706981 0.534529 0.278165 0.226059 0.258321 0.129142 0.142772 0.0966729 0.0790192 0.0553092 0.026656 0.000999792
 74 1 1 0 0 100  26.0445 32.3618 16.2662 10.0524 5.15723 3.55298 1.88154 1.14694 0.928549 0.72905 0.555923 0.28939 0.234421 0.266088 0.131866 0.144485 0.0968043 0.0783273 0.0543211 0.0261373 0.000999792
 75 1 1 0 0 100  30.7909 29.7628 17.5351 9.10239 4.14866 2.87795 1.55864 0.975359 0.811781 0.656225 0.51411 0.272823 0.22359 0.256257 0.1277 0.140028 0.0935397 0.07516 0.0515352 0.0244834 0.000999791
 76 1 1 0 0 100  28.2724 33.8245 17.4155 9.21116 3.86591 2.44293 1.29078 0.81149 0.683909 0.562578 0.449863 0.243211 0.202245 0.235708 0.119344 0.132469 0.0894861 0.0724 0.0497004 0.0233949 0.000999791
 77 1 1 0 0 100  27.6518 32.49 19.3574 9.71483 3.9126 2.38305 1.19534 0.728152 0.603814 0.493935 0.396378 0.216098 0.181322 0.214022 0.109954 0.123731 0.0849474 0.0698205 0.0486873 0.023123 0.000999791
 78 1 1 0 0 100  34.4126 29.7943 16.7873 9.35471 3.71329 2.16316 1.04953 0.623731 0.5061 0.405833 0.320695 0.173461 0.145132 0.171319 0.0884646 0.100223 0.0696313 0.0580885 0.0413533 0.0201831 0.000999791
 79 1 1 0 0 100  16.9739 41.2371 20.5543 10.2211 4.34166 2.54375 1.20674 0.700546 0.556434 0.436921 0.338565 0.180428 0.149464 0.174736 0.0895845 0.101143 0.0702451 0.0588556 0.0423875 0.0211801 0.000999791
 80 1 1 0 0 100  15.5911 27.2881 27.9667 14.8547 5.59205 3.34115 1.60977 0.933599 0.735123 0.56912 0.433354 0.22722 0.185895 0.214326 0.108353 0.121099 0.0832394 0.0692616 0.0497484 0.025061 0.000999792
 81 1 1 0 0 100  20.4686 22.6499 20.8147 17.5431 7.64134 4.28078 2.00086 1.15614 0.911249 0.705255 0.534814 0.278427 0.226077 0.257874 0.128671 0.142092 0.096252 0.0789747 0.0559367 0.0279474 0.000999792
 82 1 1 0 0 100  32.8369 24.1679 13.7093 11.6762 6.65447 4.30721 2.06938 1.18271 0.918745 0.702037 0.527457 0.273008 0.220788 0.250517 0.12422 0.136154 0.091275 0.0739228 0.0514636 0.0252383 0.000999792
 83 1 1 0 0 100  19.3482 38.0679 16.9855 9.07022 5.32273 3.95863 2.12766 1.28868 1.03213 0.800389 0.602913 0.310849 0.25009 0.281734 0.138564 0.150797 0.100188 0.0803178 0.0550816 0.0263411 0.000999792
 84 1 1 0 0 100  36.4886 23.8156 18.0867 9.11291 3.7569 2.75482 1.57703 1.01383 0.854481 0.693657 0.542224 0.28621 0.233242 0.265244 0.131045 0.14254 0.0943136 0.0750269 0.0508169 0.0238049 0.000999792
 85 1 1 0 0 100  25.2076 38.5244 15.9449 9.07573 3.91942 2.35124 1.24023 0.795213 0.684442 0.573958 0.465713 0.253801 0.21177 0.247082 0.124873 0.138075 0.0926446 0.0742788 0.0503257 0.0232424 0.000999791
 86 1 1 0 0 100  17.8609 34.2633 24.3954 11.0464 4.4024 2.78045 1.39104 0.841048 0.696377 0.57242 0.46386 0.255358 0.215931 0.257089 0.132895 0.150205 0.103278 0.0847398 0.0586435 0.0272869 0.000999792
 87 1 1 0 0 100  17.3913 26.6511 24.5144 15.8645 6.06449 3.4254 1.66956 1.00073 0.816336 0.656601 0.520019 0.28176 0.236363 0.280489 0.145371 0.165749 0.115713 0.0969633 0.0690653 0.0331767 0.000999792
 88 1 1 0 0 100  26.4154 23.3274 17.8943 14.6307 7.03422 4.13602 1.92897 1.10865 0.877383 0.689224 0.535675 0.286245 0.237752 0.279116 0.143374 0.162591 0.113298 0.0953716 0.0689882 0.0343236 0.000999792
 89 1 1 0 0 100  25.1431 31.0008 15.6307 10.912 6.17485 4.17236 2.08665 1.21828 0.958031 0.738788 0.560355 0.293088 0.239629 0.276554 0.139951 0.156894 0.108192 0.090425 0.065306 0.0330356 0.000999792
 90 1 1 0 0 100  22.6969 31.499 19.3885 10.2321 5.12423 3.75369 2.0501 1.26558 1.03227 0.81517 0.62462 0.326402 0.265293 0.302674 0.150899 0.166662 0.112935 0.0928402 0.0660206 0.0332006 0.000999792
 91 1 1 0 0 100  32.4095 26.4602 17.3509 10.2327 4.38785 2.93122 1.61262 1.03067 0.872681 0.715592 0.566933 0.303114 0.249675 0.287815 0.14419 0.159036 0.107024 0.0868719 0.0605846 0.0298023 0.000999792
 92 1 1 0 0 100  36.3572 31.5102 13.7735 7.92325 3.61166 2.26646 1.17153 0.731027 0.617334 0.511893 0.414007 0.226197 0.189622 0.223021 0.113922 0.127392 0.0867947 0.0708769 0.0493158 0.0238729 0.000999792
 93 1 1 0 0 100  20.8472 41.2589 19.633 8.2303 3.48459 2.23721 1.1442 0.697752 0.576865 0.470552 0.377496 0.206298 0.173718 0.206265 0.106762 0.121063 0.0839174 0.0697052 0.0492778 0.0239464 0.000999792
 94 1 1 0 0 100  19.8471 29.873 26.0046 12.7425 4.32618 2.52696 1.26377 0.76663 0.630132 0.509458 0.404367 0.219072 0.18349 0.217057 0.112255 0.127682 0.08914 0.0749169 0.0539162 0.0267358 0.000999792
 95 1 1 0 0 100  24.7756 26.3081 20.0687 14.7713 5.95822 3.15486 1.43124 0.82674 0.661315 0.525328 0.412065 0.221534 0.184594 0.217144 0.111757 0.1267 0.0882997 0.0743232 0.0539025 0.0272736 0.000999792
 96 1 1 0 0 100  20.0419 31.4544 18.7622 13.0026 6.67531 4.07375 1.87987 1.05022 0.805626 0.613195 0.463544 0.243037 0.199432 0.231285 0.117699 0.132435 0.0916815 0.0768247 0.055623 0.0283611 0.000999792
 97 1 1 0 0 100  28.4657 25.6867 18.3797 11.4308 5.65955 3.87892 1.98331 1.1663 0.914242 0.696656 0.518356 0.265833 0.213787 0.241842 0.120141 0.132572 0.0900518 0.074325 0.0531664 0.0269978 0.000999792
 98 1 1 0 0 100  27.4113 31.9717 16.1766 10.0723 4.90764 3.28562 1.7438 1.07462 0.87905 0.695701 0.532355 0.276865 0.223538 0.25212 0.123984 0.134807 0.0896518 0.0722313 0.0502685 0.024913 0.000999792
 99 1 1 0 0 100  27.9002 31.716 18.2419 9.3593 4.25818 2.87919 1.52813 0.948513 0.787902 0.638005 0.50173 0.267204 0.219491 0.251961 0.125579 0.13747 0.0914915 0.0731172 0.0498318 0.0237906 0.000999792
 100 1 1 0 0 100  29.9383 31.1503 17.9353 9.6211 3.95656 2.4861 1.29857 0.807841 0.67513 0.551683 0.439275 0.237067 0.197064 0.229754 0.116443 0.129356 0.0874361 0.0707041 0.0484113 0.0227182 0.000999792
 26 1 2 0 0 100  23.3171 21.1764 16.1117 11.8772 6.09458 4.53016 2.74054 1.91766 1.79717 1.67129 1.53737 0.945791 0.8783 1.18339 0.696512 0.902105 0.733715 0.733824 0.667506 0.486625 0.000999959
 27 1 2 0 0 100  20.949 24.351 15.7446 11.8484 6.50698 4.73856 2.75879 1.88216 1.73176 1.58432 1.43516 0.872065 0.802263 1.06934 0.623366 0.801055 0.646827 0.643463 0.583492 0.426424 0.000999941
 28 1 2 0 0 100  17.4149 23.4883 18.2709 12.5829 6.88875 5.16909 3.00859 2.02242 1.82711 1.63855 1.45578 0.8714 0.792964 1.04413 0.601955 0.766237 0.61269 0.604124 0.543267 0.394975 0.000999931
 29 1 2 0 0 100  29.6967 17.83 15.2177 11.9986 6.34262 4.68544 2.73791 1.84284 1.65786 1.47258 1.29036 0.762067 0.685757 0.890689 0.506858 0.637689 0.503651 0.49078 0.435878 0.313033 0.000999902
 30 1 2 0 0 100  32.4804 25.2528 11.6956 9.33428 5.47435 4.03341 2.32653 1.55499 1.39232 1.23041 1.07074 0.6276 0.560626 0.720617 0.405538 0.504423 0.393178 0.377864 0.330309 0.232959 0.000999873
 31 1 2 0 0 100  26.4253 30.2504 15.9062 8.42844 4.67427 3.66301 2.15858 1.44376 1.28711 1.13021 0.976389 0.568531 0.50498 0.644097 0.359448 0.443074 0.341468 0.32386 0.278255 0.191582 0.000999857
 32 1 2 0 0 100  24.9691 26.8864 19.4367 10.7685 4.6559 3.35542 1.98795 1.3496 1.21502 1.07191 0.925784 0.537411 0.475488 0.602832 0.334107 0.408761 0.31204 0.292597 0.24743 0.16605 0.000999845
 33 1 2 0 0 100  27.403 24.228 17.9255 12.3396 5.49712 3.48697 1.8914 1.24346 1.10771 0.975761 0.844567 0.491223 0.434872 0.550794 0.30449 0.370926 0.281298 0.261399 0.218042 0.142792 0.000999835
 34 1 2 0 0 100  39.6348 22.284 13.0946 9.69573 4.87916 3.18798 1.65323 1.03342 0.883912 0.754302 0.639202 0.367824 0.32397 0.408698 0.225477 0.27402 0.207201 0.191579 0.158327 0.101612 0.00099982
 35 1 2 0 0 100  28.7757 33.9964 14.3507 8.35384 4.49898 3.12691 1.66914 1.04091 0.875245 0.727587 0.598638 0.336458 0.291555 0.361791 0.197078 0.237331 0.17809 0.163618 0.134217 0.0848257 0.000999813
 36 1 2 0 0 100  20.5972 30.6716 22.3987 10.812 4.6585 3.30221 1.82724 1.16279 0.98697 0.820844 0.669632 0.371524 0.317841 0.387684 0.207437 0.245881 0.181455 0.164257 0.1328 0.0824666 0.00099981
 37 1 2 0 0 100  26.2538 21.8242 20.5706 14.2808 5.8104 3.52998 1.85852 1.18183 1.01201 0.849982 0.697974 0.387813 0.331119 0.401443 0.212767 0.249279 0.181093 0.161004 0.127351 0.0770081 0.000999807
 38 1 2 0 0 100  33.635 23.1068 13.9693 12.0163 6.16671 3.82004 1.8853 1.13798 0.943023 0.776848 0.632572 0.350807 0.299512 0.363041 0.19218 0.22434 0.161836 0.142242 0.1104 0.0647153 0.000999803
 39 1 2 0 0 100  25.4317 30.9857 15.6543 9.97724 5.80918 4.1268 2.15812 1.307 1.06549 0.855605 0.678123 0.368585 0.310722 0.372274 0.19538 0.226777 0.162678 0.142059 0.109003 0.0622294 0.000999802
 40 1 2 0 0 100  34.0387 23.469 17.0818 9.75557 4.64473 3.44139 1.93961 1.23294 1.03481 0.843686 0.669782 0.36156 0.301979 0.356831 0.184545 0.211361 0.149541 0.128973 0.0976729 0.054625 0.000999799
 41 1 2 0 0 100  31.3064 29.2076 14.92 9.90508 4.64675 3.06708 1.68709 1.09147 0.940363 0.788589 0.64163 0.351788 0.296115 0.351323 0.181526 0.206767 0.144811 0.123174 0.0915568 0.0499186 0.000999798
 42 1 2 0 0 100  26.9467 29.7683 18.201 10.1145 4.79922 3.23382 1.7149 1.07811 0.916498 0.767689 0.630109 0.349626 0.297444 0.357357 0.186666 0.214181 0.150643 0.127973 0.094207 0.0500792 0.000999797
 43 1 2 0 0 100  23.2833 27.6006 20.2145 12.4063 5.45303 3.54311 1.87779 1.17746 0.99344 0.823921 0.67051 0.370504 0.315048 0.379497 0.199237 0.230143 0.16321 0.139725 0.103344 0.0544101 0.000999797
 44 1 2 0 0 100  32.5924 21.6973 16.8942 12.2066 5.71661 3.63094 1.86415 1.14935 0.960615 0.791458 0.640657 0.352572 0.298932 0.359054 0.188202 0.217367 0.154447 0.132783 0.0989058 0.0523607 0.000999796
 45 1 2 0 0 100  41.4237 24.3745 11.6789 8.7479 4.63908 3.08909 1.5961 0.975221 0.805232 0.654955 0.524081 0.286163 0.241395 0.288439 0.150677 0.173524 0.123103 0.105799 0.0789939 0.0421519 0.000999794
 46 1 2 0 0 100  35.3454 32.3942 13.558 6.93615 3.67252 2.63606 1.42634 0.887736 0.737874 0.600049 0.477669 0.259119 0.217287 0.257694 0.133714 0.153071 0.108008 0.0924274 0.068826 0.0368098 0.000999794
 47 1 2 0 0 100  31.5929 31.1907 18.153 8.32785 3.3351 2.29573 1.27545 0.816489 0.6938 0.573981 0.462035 0.251877 0.21145 0.25044 0.129527 0.14759 0.103501 0.0879657 0.0650163 0.034581 0.000999793
 48 1 2 0 0 100  31.0633 28.2089 18.829 10.6325 4.05885 2.36223 1.20699 0.757914 0.645117 0.539455 0.44047 0.243013 0.205691 0.245536 0.127705 0.145891 0.102346 0.086761 0.0637323 0.0335609 0.000999793
 49 1 2 0 0 100  44.544 23.2168 13.4143 8.91025 3.82116 2.21938 1.05407 0.621573 0.506214 0.410936 0.330529 0.181762 0.15408 0.184738 0.0968159 0.11127 0.0786477 0.0670389 0.0494099 0.0259969 0.000999793
 50 1 2 0 0 100  30.4587 36.4237 14.6447 7.99904 3.9356 2.44505 1.18472 0.689813 0.547141 0.429135 0.333219 0.178526 0.148882 0.175945 0.0913879 0.104632 0.0739587 0.0632547 0.0469056 0.0248098 0.000999792
 51 1 2 0 0 100  32.6303 28.0276 19.7358 9.23336 3.66003 2.41496 1.23711 0.738809 0.591665 0.463227 0.355303 0.187219 0.153714 0.178053 0.0906687 0.102121 0.0710839 0.0601369 0.0443426 0.0235187 0.000999792
 52 1 2 0 0 100  33.3149 27.6727 17.0517 10.8575 4.32641 2.45854 1.21136 0.731623 0.59703 0.475908 0.369524 0.19555 0.160407 0.184733 0.0931113 0.103552 0.0708583 0.058833 0.0425069 0.0222046 0.000999792
 53 1 2 0 0 100  44.3143 24.4849 13.0554 8.33235 3.81542 2.30157 1.09062 0.630946 0.500834 0.393558 0.304793 0.161906 0.133387 0.154295 0.0780653 0.0867547 0.0591373 0.0486332 0.0345433 0.0176367 0.000999792
 54 1 2 0 0 100  27.6265 37.9453 15.7523 8.12908 3.89842 2.48716 1.23601 0.726354 0.575234 0.446213 0.339571 0.1778 0.145158 0.166647 0.0838848 0.0930496 0.0633364 0.0519803 0.0366618 0.0183009 0.000999792
 55 1 2 0 0 100  21.198 30.1399 24.5299 11.6164 4.4672 2.89096 1.48522 0.894378 0.72145 0.567253 0.434618 0.227543 0.185189 0.21133 0.105404 0.116034 0.0782323 0.0636878 0.0445281 0.0218423 0.000999792
 56 1 2 0 0 100  27.0291 21.8782 20.5539 15.183 6.08198 3.41406 1.65957 0.996314 0.811651 0.647307 0.503168 0.266178 0.21803 0.250186 0.125032 0.137617 0.0924227 0.0747342 0.0516739 0.0248845 0.000999792
 57 1 2 0 0 100  39.3633 21.8211 12.6464 11.0929 5.84153 3.58014 1.69165 0.973122 0.7682 0.600549 0.463135 0.245135 0.201511 0.232653 0.117108 0.12965 0.0875514 0.0709969 0.0490276 0.0233772 0.000999792
 58 1 2 0 0 100  31.8594 32.3659 13.3899 8.10257 4.80686 3.43777 1.78414 1.06093 0.8426 0.652945 0.495301 0.258259 0.210163 0.240486 0.120385 0.133091 0.0899958 0.0732548 0.0508332 0.0242302 0.000999792
 59 1 2 0 0 100  27.6031 30.3358 19.2696 9.16479 4.13095 3.07378 1.7351 1.09767 0.912286 0.73177 0.567309 0.298434 0.243234 0.277597 0.138074 0.151624 0.101704 0.082274 0.0568913 0.0271007 0.000999792
 60 1 2 0 0 100  31.5058 25.0968 18.513 11.3349 4.56525 2.84962 1.54136 0.992211 0.850976 0.708514 0.569976 0.308361 0.25605 0.297519 0.149912 0.165824 0.111576 0.0901175 0.0619374 0.0292564 0.000999792
 61 1 2 0 0 100  46.2092 22.6685 11.7709 8.49056 3.92038 2.39017 1.1889 0.72545 0.606123 0.501322 0.407104 0.223941 0.18898 0.224198 0.115518 0.130133 0.0892845 0.0732445 0.0509399 0.0241864 0.000999791
 62 1 2 0 0 100  30.3016 37.2422 14.3777 7.23493 3.77258 2.48035 1.25599 0.754256 0.614148 0.493872 0.391922 0.21297 0.179003 0.212665 0.11038 0.12574 0.0877179 0.073394 0.0522682 0.0253655 0.000999791
 63 1 2 0 0 100  45.1405 23.5813 15.773 7.29091 2.72024 1.84503 0.983395 0.605723 0.498212 0.400485 0.315032 0.16935 0.141006 0.165703 0.0854036 0.0968705 0.0676685 0.0570357 0.0413483 0.0207828 0.000999791
 64 1 2 0 0 100  26.4118 38.9306 16.1695 9.06442 3.66285 2.02138 0.994551 0.60984 0.507527 0.413964 0.329374 0.177995 0.148359 0.174028 0.089284 0.100733 0.0699148 0.0586503 0.0425194 0.0216997 0.000999791
 65 1 2 0 0 100  24.5403 27.8914 24.144 11.6665 4.547 2.74155 1.29626 0.747708 0.594401 0.470465 0.369088 0.19881 0.165889 0.195218 0.10041 0.113503 0.0787525 0.0659133 0.047574 0.0242459 0.000999792
 66 1 2 0 0 100  41.5765 20.2742 14.9518 11.6297 4.73118 2.64154 1.24758 0.724558 0.572435 0.444528 0.339578 0.178779 0.146842 0.170204 0.0866861 0.0974273 0.0674421 0.0564341 0.0407703 0.0208375 0.000999791
 67 1 2 0 0 100  35.252 31.9133 12.4802 8.47909 4.63334 2.8687 1.35129 0.769256 0.598368 0.459071 0.346895 0.180748 0.147035 0.168139 0.0843817 0.0935304 0.0638113 0.0527485 0.0377594 0.0192441 0.000999791
 68 1 2 0 0 100  39.4316 27.7391 15.5394 7.26778 3.37871 2.41326 1.26406 0.753057 0.596529 0.459278 0.344903 0.178036 0.143574 0.162328 0.0805122 0.0882021 0.0593459 0.0483125 0.0339712 0.0170397 0.000999791
 69 1 2 0 0 100  36.6981 31.0665 15.0843 8.08376 3.21651 1.99822 1.05729 0.659994 0.546955 0.438292 0.339135 0.177963 0.144526 0.163821 0.0810489 0.0882317 0.0587391 0.0471544 0.0325182 0.0158929 0.000999791
 70 1 2 0 0 100  24.6586 34.6631 19.9851 9.98014 4.04949 2.40629 1.18009 0.709692 0.582559 0.470949 0.372158 0.199625 0.164991 0.190726 0.0958332 0.105462 0.0706212 0.0566504 0.0386387 0.0183122 0.000999791
 71 1 2 0 0 100  29.6023 24.7519 20.8429 12.4151 4.85073 2.8286 1.3598 0.798135 0.63942 0.50576 0.393961 0.21031 0.174071 0.202641 0.102918 0.11472 0.0779934 0.0634685 0.0437511 0.0205822 0.000999791
 72 1 2 0 0 100  27.7941 27.293 17.1025 12.8707 5.9735 3.48323 1.64101 0.947642 0.747967 0.582213 0.446151 0.235062 0.192862 0.222776 0.112571 0.125425 0.0855564 0.0702071 0.0490829 0.0234064 0.000999791
 73 1 2 0 0 100  36.8391 23.6957 14.9709 10.1265 5.24151 3.46767 1.71495 0.997239 0.783067 0.603067 0.455998 0.237369 0.192932 0.220445 0.11028 0.121904 0.0825905 0.0675353 0.0473153 0.0228796 0.000999791
 74 1 2 0 0 100  34.9464 29.4829 13.9119 8.59545 4.40983 3.03812 1.60895 0.980838 0.7941 0.623518 0.475486 0.247588 0.200586 0.227663 0.112897 0.123687 0.0829173 0.0671185 0.0465921 0.0224936 0.000999791
 75 1 2 0 0 100  39.578 27.2638 14.7401 7.65028 3.48689 2.41892 1.31012 0.819898 0.682419 0.551682 0.432242 0.229453 0.188075 0.21553 0.107485 0.117846 0.0787747 0.0633275 0.0434721 0.0207365 0.000999791
 76 1 2 0 0 100  36.6534 30.9739 14.8751 7.86588 3.30137 2.08624 1.10238 0.693102 0.584157 0.480548 0.384298 0.207831 0.172849 0.201424 0.102057 0.113265 0.0765609 0.0619706 0.0425867 0.0201236 0.000999791
 77 1 2 0 0 100  37.446 29.0843 16.2551 8.15643 3.28504 2.00089 1.00373 0.611491 0.507101 0.414851 0.332945 0.181588 0.152392 0.179846 0.0924737 0.104041 0.0714792 0.0587792 0.0410366 0.0195737 0.000999791
 78 1 2 0 0 100  41.9761 27.8564 14.1488 7.88314 3.12924 1.82299 0.88457 0.525757 0.426633 0.342142 0.270398 0.146328 0.122456 0.144523 0.0747039 0.0846121 0.0588336 0.0491068 0.0350045 0.017165 0.000999791
 79 1 2 0 0 100  22.6874 39.0498 18.8217 9.35714 3.97471 2.32879 1.10481 0.641409 0.50948 0.40007 0.310029 0.165259 0.136913 0.160049 0.0820958 0.092677 0.0643913 0.0539647 0.0388887 0.0194742 0.000999791
 80 1 2 0 0 100  21.6924 26.1289 25.5475 13.5685 5.1079 3.05191 1.47046 0.85284 0.671552 0.519924 0.395914 0.207631 0.169884 0.195853 0.0990568 0.110699 0.0761178 0.0633505 0.045527 0.0229774 0.000999791
 81 1 2 0 0 100  29.5943 20.9891 18.0836 15.2396 6.63804 3.71878 1.73825 1.00445 0.791718 0.612775 0.464716 0.241997 0.196521 0.224142 0.111906 0.123565 0.0837438 0.0687353 0.0487226 0.0244087 0.000999792
 82 1 2 0 0 100  40.405 23.1455 11.6227 9.89749 5.64079 3.65114 1.75426 1.00267 0.778922 0.595231 0.447249 0.231566 0.187302 0.212502 0.105447 0.115562 0.0775211 0.0628126 0.0437752 0.0215454 0.000999791
 83 1 2 0 0 100  28.6787 34.2335 14.7951 7.89828 4.63502 3.4472 1.85284 1.12227 0.898881 0.697086 0.52513 0.270809 0.217901 0.245456 0.120787 0.131439 0.0873704 0.0700678 0.0480928 0.0230663 0.000999792
 84 1 2 0 0 100  45.0068 22.3399 14.8774 7.49524 3.0901 2.26592 1.29722 0.834019 0.702957 0.570685 0.446136 0.235575 0.19201 0.218331 0.107958 0.117412 0.077747 0.0618844 0.0419725 0.0197561 0.000999791
 85 1 2 0 0 100  32.3371 35.8036 14.0082 7.97102 3.4424 2.06513 1.08937 0.698527 0.60124 0.504207 0.409139 0.223025 0.186111 0.217124 0.109793 0.121387 0.0814879 0.0653579 0.0443208 0.0205346 0.000999791
 86 1 2 0 0 100  23.9757 32.5274 22.165 10.035 3.99934 2.52592 1.26375 0.76412 0.632697 0.520092 0.421473 0.232065 0.196248 0.233638 0.120817 0.136542 0.0939121 0.0770713 0.0533647 0.0248796 0.000999791
 87 1 2 0 0 100  24.8246 25.0772 21.9481 14.2021 5.42908 3.06655 1.49471 0.895963 0.730894 0.587898 0.465628 0.252338 0.211698 0.2512 0.130241 0.148484 0.103691 0.0869069 0.0619324 0.0298047 0.000999792
 88 1 2 0 0 100  34.7093 22.0571 15.394 12.5848 6.05064 3.55775 1.65935 0.95375 0.754823 0.592977 0.460902 0.246354 0.204643 0.240222 0.123463 0.139993 0.0975937 0.0821739 0.0594801 0.0296634 0.000999792
 89 1 2 0 0 100  32.7716 28.9737 13.6356 9.51709 5.38553 3.63906 1.82 1.06265 0.835676 0.644463 0.488843 0.255745 0.209121 0.241325 0.122186 0.136963 0.0944876 0.0789921 0.0570845 0.0289399 0.000999792
 90 1 2 0 0 100  31.4267 28.8565 16.8126 8.87112 4.44271 3.25449 1.77751 1.09736 0.895086 0.706864 0.541662 0.283115 0.230135 0.262544 0.130959 0.144625 0.0980444 0.0806231 0.0573711 0.0289171 0.000999792
 91 1 2 0 0 100  42.6095 23.7643 14.1852 8.36455 3.58688 2.39621 1.31836 0.84267 0.713525 0.585118 0.463602 0.247952 0.204271 0.235447 0.118046 0.130181 0.0876652 0.0711929 0.0497053 0.0245434 0.000999792
 92 1 2 0 0 100  44.2682 29.0109 11.4541 6.58755 3.00288 1.8845 0.974175 0.607941 0.513418 0.425754 0.344372 0.188228 0.157819 0.185587 0.0948831 0.106081 0.0723292 0.0590953 0.0411695 0.0200164 0.000999791
 93 1 2 0 0 100  27.6112 38.4859 17.5665 7.36217 3.11708 2.00129 1.02359 0.624245 0.516111 0.421014 0.337775 0.184639 0.155496 0.18461 0.095604 0.108396 0.0751696 0.0624568 0.0441844 0.0215255 0.000999791
 94 1 2 0 0 100  27.4428 27.9423 23.0751 11.3057 3.83844 2.24212 1.12137 0.680291 0.559186 0.45212 0.35888 0.19448 0.162911 0.192692 0.0997085 0.113396 0.0792006 0.0665813 0.0479489 0.0238336 0.000999792
 95 1 2 0 0 100  32.1437 25.0128 17.5778 12.9362 5.21806 2.76301 1.25354 0.724145 0.579274 0.460183 0.360992 0.194134 0.161783 0.190289 0.097996 0.111082 0.0774531 0.0652131 0.0473296 0.0240092 0.000999792
 96 1 2 0 0 100  28.0534 29.1371 16.5609 11.4748 5.89099 3.59514 1.65908 0.926922 0.711071 0.541253 0.409188 0.214594 0.176113 0.204223 0.103985 0.116989 0.0810251 0.0679142 0.0492039 0.0251457 0.000999792
 97 1 2 0 0 100  37.0773 23.9464 15.6254 9.71659 4.81087 3.2973 1.686 0.991524 0.777271 0.59232 0.440762 0.226113 0.181872 0.20572 0.102272 0.112838 0.0766955 0.0633275 0.0453423 0.0230986 0.000999792
 98 1 2 0 0 100  35.9481 29.3241 13.832 8.6106 4.19548 2.80888 1.49084 0.918794 0.751607 0.59487 0.455233 0.236825 0.191238 0.215672 0.106134 0.115386 0.0767846 0.0618926 0.0431175 0.0214421 0.000999792
 99 1 2 0 0 100  36.6183 29.0084 15.5274 7.96515 3.62395 2.4504 1.30062 0.807353 0.67067 0.543105 0.427132 0.227545 0.18694 0.214573 0.107019 0.117138 0.0780101 0.0623732 0.0425568 0.0203952 0.000999791
 100 1 2 0 0 100  39.8799 27.8236 14.8865 7.98421 3.28349 2.06324 1.07778 0.670551 0.560422 0.45798 0.364699 0.196898 0.163702 0.19083 0.0967991 0.107515 0.0727283 0.0588434 0.0403439 0.0190227 0.000999791

25 #_N_age_bins
 1 2 3 4 5 6 7 8 9 10 11 12 13 14 15 16 17 18 19 20 21 22 23 24 25
1 #_N_ageerror_definitions
 -1 -1 -1 -1 -1 -1 -1 -1 -1 -1 -1 -1 -1 -1 -1 -1 -1 -1 -1 -1 -1 -1 -1 -1 -1 -1
 0.001 0.001 0.001 0.001 0.001 0.001 0.001 0.001 0.001 0.001 0.001 0.001 0.001 0.001 0.001 0.001 0.001 0.001 0.001 0.001 0.001 0.001 0.001 0.001 0.001 0.001
150 #_N_Agecomp_obs
1 #_Lbin_method: 1=poplenbins; 2=datalenbins; 3=lengths
-1 #_combine males into females at or below this bin number
#Yr Seas Flt/Svy Gender Part Ageerr Lbin_lo Lbin_hi Nsamp datavector(female-male)
 26 1 1 0 0 1 -1 -1 100  1.7588 18.5061 18.4108 15.5316 13.2558 6.00535 5.90049 4.35622 2.66867 2.04795 0.91524 1.81442 1.50498 0.680744 0.876697 1.45595 0.992475 0.640182 0.346737 0.208641 0.447848 0.0752679 0.224082 0.30349 1.07142
 27 1 1 0 0 1 -1 -1 100  1.02343 17.3188 23.4189 13.4564 11.3412 9.67933 4.38522 4.30866 3.18107 1.94887 1.49563 0.668554 1.32511 1.09917 0.497331 0.640412 1.06337 0.724951 0.467716 0.25345 0.152615 0.327279 0.0552289 0.163891 1.00348
 28 1 1 0 0 1 -1 -1 100  2.40935 10.5371 23.3921 18.2693 10.4875 8.83893 7.54376 3.41782 3.35815 2.47937 1.51906 1.16583 0.521255 1.03294 0.856853 0.387813 0.499323 0.828955 0.565209 0.364734 0.197746 0.119161 0.255286 0.0432634 0.909248
 29 1 1 0 0 1 -1 -1 100  3.28264 22.6191 12.8449 16.4697 12.8506 7.37696 6.21739 5.3064 2.40431 2.36234 1.74423 1.06877 0.820316 0.366934 0.72684 0.602987 0.273075 0.351509 0.583365 0.397853 0.256843 0.139388 0.0841123 0.179861 0.669583
 30 1 1 0 0 1 -1 -1 100  2.33984 27.3732 24.3138 7.9748 10.2154 7.97067 4.57576 3.85656 3.29154 1.4916 1.46556 1.08219 0.663255 0.50916 0.227962 0.451184 0.374368 0.169748 0.218395 0.362199 0.247139 0.159681 0.0868321 0.0525488 0.526617
 31 1 1 0 0 1 -1 -1 100  2.12717 20.5966 31.131 15.9707 5.23352 6.70376 5.23075 3.00299 2.53105 2.16028 0.979139 0.962056 0.710486 0.435576 0.334458 0.149934 0.296414 0.246007 0.111734 0.143656 0.238022 0.162519 0.105129 0.0573242 0.379749
 32 1 1 0 0 1 -1 -1 100  1.83427 19.8129 24.7487 21.6049 11.0732 3.62881 4.64815 3.62688 2.08233 1.75513 1.49807 0.679161 0.667317 0.492899 0.302299 0.232192 0.104258 0.205816 0.170868 0.0777741 0.0999068 0.165333 0.112985 0.073195 0.302651
 33 1 1 0 0 1 -1 -1 100  4.53898 16.8258 23.9538 17.2816 15.0719 7.72489 2.53174 3.24282 2.5304 1.45293 1.22467 1.04534 0.474081 0.465819 0.344146 0.211185 0.162278 0.0730325 0.143879 0.119499 0.0545574 0.0699972 0.115639 0.079121 0.261799
 34 1 1 0 0 1 -1 -1 100  2.97669 35.066 16.7547 13.7766 9.92978 8.66011 4.43881 1.45505 1.86361 1.45428 0.835213 0.704066 0.601033 0.272811 0.268064 0.198157 0.121763 0.0936635 0.0423867 0.0830922 0.0690848 0.0317718 0.040643 0.0668669 0.195733
 35 1 1 0 0 1 -1 -1 100  1.54214 24.2546 36.7348 10.1377 8.32781 6.00251 5.23504 2.68346 0.879909 1.12686 0.879442 0.505244 0.425972 0.363693 0.165298 0.162428 0.120172 0.0739958 0.057011 0.0260164 0.0506212 0.0421544 0.0196003 0.0249626 0.158524
 36 1 1 0 0 1 -1 -1 100  1.87081 14.7856 30.1285 26.3549 7.2664 5.96912 4.30249 3.75242 1.92361 0.630945 0.807946 0.630609 0.362409 0.305592 0.260954 0.118758 0.116701 0.086415 0.0533187 0.0411451 0.0189302 0.0365654 0.030497 0.0143315 0.131081
 37 1 1 0 0 1 -1 -1 100  3.55203 17.88 18.4696 21.737 18.9963 5.2377 4.30265 3.10139 2.70492 1.38676 0.455046 0.582623 0.454804 0.261493 0.220541 0.188368 0.0858763 0.0843942 0.0625647 0.0387099 0.0299355 0.0139236 0.0266347 0.0222607 0.10437
 38 1 1 0 0 1 -1 -1 100  1.90648 29.8291 19.3033 11.5168 13.5411 11.8337 3.26308 2.68062 1.93232 1.68534 0.864229 0.283837 0.363308 0.283686 0.163268 0.137758 0.117716 0.0538717 0.0529485 0.0393504 0.0244905 0.0190248 0.00905042 0.0169686 0.0786375
 39 1 1 0 0 1 -1 -1 100  3.28897 16.8371 34.4132 12.8624 7.66676 9.01424 7.87768 2.17247 1.78474 1.28662 1.12221 0.575624 0.189276 0.242177 0.189175 0.109017 0.0920354 0.0786944 0.0361951 0.0355806 0.0265287 0.0166369 0.0129985 0.00635888 0.0633121
 40 1 1 0 0 1 -1 -1 100  3.0855 27.8914 18.4614 21.7933 8.13798 4.85083 5.70332 4.98427 1.3748 1.1295 0.81436 0.710347 0.364542 0.120114 0.153583 0.120051 0.0693378 0.0585945 0.0501543 0.0232665 0.0228778 0.017151 0.0108929 0.00859099 0.0438138
 41 1 1 0 0 1 -1 -1 100  2.50635 25.4256 29.6755 11.3449 13.3795 4.99633 2.97833 3.50168 3.06025 0.844382 0.69379 0.500324 0.43647 0.224179 0.0741246 0.0946712 0.0740858 0.0429528 0.0363575 0.031176 0.0146695 0.0144308 0.0109152 0.00707324 0.0319444
 42 1 1 0 0 1 -1 -1 100  1.72668 22.1108 28.8891 19.4743 7.4381 8.77192 3.27592 1.95293 2.29603 2.00663 0.553918 0.45519 0.328355 0.286493 0.147315 0.0489401 0.0624104 0.0489148 0.0285041 0.0241802 0.0207833 0.00996163 0.0098052 0.00750033 0.0252693
 43 1 1 0 0 1 -1 -1 100  2.55091 16.3093 27.151 20.4888 13.7985 5.27039 6.21543 2.32137 1.38399 1.62709 1.42204 0.392757 0.322805 0.232939 0.203279 0.104668 0.0349668 0.0445109 0.0349489 0.0204874 0.0174238 0.015017 0.00734954 0.00723872 0.0228016
 44 1 1 0 0 1 -1 -1 100  4.85135 22.4329 18.7803 18.0575 13.6137 9.16837 3.5021 4.13001 1.5427 0.91989 1.08141 0.94517 0.261291 0.214814 0.155105 0.135398 0.0698794 0.0235682 0.0299096 0.0235564 0.0139478 0.0119123 0.0103132 0.00521873 0.0196311
 45 1 1 0 0 1 -1 -1 100  3.80202 35.4219 21.1673 10.2351 9.83178 7.4123 4.99208 1.90714 2.24899 0.840363 0.50128 0.589217 0.515043 0.142713 0.117409 0.0849009 0.0741717 0.0385006 0.013287 0.0167395 0.0132805 0.00804924 0.00694104 0.00607042 0.0134406
 46 1 1 0 0 1 -1 -1 100  3.24374 28.4674 34.3057 11.8404 5.72001 5.49457 4.14253 2.79008 1.06617 1.25721 0.470047 0.280562 0.329703 0.288253 0.0801907 0.0660506 0.0478848 0.0418892 0.0219558 0.00786602 0.00979535 0.00786246 0.00493913 0.00431986 0.0107856
 47 1 1 0 0 1 -1 -1 100  2.10752 26.4889 29.9378 20.8372 7.18523 3.47129 3.33449 2.51407 1.69341 0.647345 0.763264 0.285616 0.170638 0.200456 0.175305 0.0490526 0.0404725 0.0294496 0.0258115 0.0137159 0.00516621 0.00633694 0.00516407 0.00339018 0.0089526
 48 1 1 0 0 1 -1 -1 100  5.94675 17.8599 29.8069 19.457 13.5295 4.66553 2.25416 2.16534 1.63267 1.09983 0.420654 0.495916 0.185793 0.111141 0.130501 0.114171 0.0321992 0.0266283 0.0194715 0.0171094 0.00925602 0.00370494 0.00446507 0.00370355 0.0077155
 49 1 1 0 0 1 -1 -1 100  2.87075 41.546 16.0501 15.471 10.0895 7.01586 2.41967 1.16932 1.12326 0.847058 0.570771 0.2186 0.257625 0.0968194 0.0581104 0.0681492 0.0596818 0.0171774 0.0142888 0.0105778 0.00935301 0.00528085 0.00240246 0.00279662 0.00588411
 50 1 1 0 0 1 -1 -1 100  3.24714 22.3424 41.9836 9.36787 9.02125 5.88332 4.09118 1.41126 0.682214 0.65536 0.494313 0.333217 0.127876 0.150631 0.0568695 0.0342994 0.0401528 0.0352157 0.0104325 0.00874827 0.00658448 0.00587034 0.00349596 0.00181764 0.00489547
 51 1 1 0 0 1 -1 -1 100  2.49688 27.1293 24.0756 26.1292 5.82498 5.6094 3.65837 2.54409 0.877837 0.424549 0.407853 0.307721 0.207558 0.0798861 0.0940339 0.0357372 0.0217041 0.0253435 0.0222738 0.00686466 0.00581747 0.00447212 0.0040281 0.0025518 0.00393054
 52 1 1 0 0 1 -1 -1 100  5.98292 20.5026 29.4352 15.0873 16.3585 3.64705 3.51209 2.29066 1.59308 0.549935 0.266159 0.255706 0.193019 0.130313 0.0503857 0.0592429 0.0227468 0.0139615 0.0162399 0.0143182 0.00467144 0.00401586 0.00317361 0.00289564 0.00380624
 53 1 1 0 0 1 -1 -1 100  2.81269 41.2982 18.2035 15.0945 7.72962 8.38079 1.86883 1.79969 1.17397 0.816606 0.282214 0.136838 0.131483 0.0993692 0.0672458 0.0262997 0.0308371 0.0121405 0.00763994 0.00880716 0.00782269 0.00288073 0.00254488 0.00211341 0.00340878
 54 1 1 0 0 1 -1 -1 100  1.62823 22.5302 42.5766 10.8394 8.97955 4.59843 4.98578 1.11209 1.07097 0.69875 0.486169 0.168282 0.0818039 0.0786185 0.0595155 0.0404067 0.0160496 0.0187488 0.00762695 0.00494973 0.00564407 0.00505846 0.00211868 0.00191889 0.00309529
 55 1 1 0 0 1 -1 -1 100  1.79052 15.6665 28.0418 30.6065 7.78473 6.44899 3.30267 3.58084 0.798937 0.769401 0.502092 0.349426 0.121134 0.0590296 0.056742 0.0430231 0.0293 0.0118079 0.0137463 0.00575912 0.00383646 0.00433511 0.00391455 0.00180332 0.0031648
 56 1 1 0 0 1 -1 -1 100  4.38332 16.9095 19.4753 20.1337 21.954 5.58414 4.62603 2.36923 2.56876 0.573346 0.55216 0.360424 0.250919 0.0871698 0.0426235 0.0409827 0.0311424 0.0212991 0.00875226 0.0101427 0.00441358 0.00303449 0.00339217 0.00309051 0.00312913
 57 1 1 0 0 1 -1 -1 100  3.26179 34.1165 16.9851 11.2988 11.6695 12.7245 3.23685 2.68156 1.37357 1.48921 0.332718 0.320439 0.209313 0.145847 0.0509418 0.0251239 0.0241729 0.0184697 0.0127648 0.00549293 0.00629879 0.00297834 0.00217904 0.00238635 0.00344569
 58 1 1 0 0 1 -1 -1 100  2.54291 25.7725 34.8049 10.0082 6.65136 6.86955 7.4905 1.90574 1.57888 0.808944 0.877016 0.196261 0.189033 0.123621 0.0862622 0.0303975 0.0152001 0.0146404 0.0112832 0.00792511 0.00364462 0.00411899 0.00216443 0.00169393 0.00325577
 59 1 1 0 0 1 -1 -1 100  1.95496 22.2602 29.0822 22.6836 6.5167 4.33102 4.47308 4.87738 1.24117 1.02835 0.527048 0.571369 0.128133 0.123427 0.0808377 0.0565137 0.0201405 0.0102456 0.00988111 0.00769532 0.00550885 0.00272182 0.00303069 0.00175808 0.00292065
 60 1 1 0 0 1 -1 -1 100  6.74931 16.8955 25.7489 19.4294 15.1401 4.34975 2.89097 2.98578 3.25562 0.82872 0.686677 0.352098 0.381678 0.0858519 0.082711 0.0542856 0.0380512 0.0137748 0.00717065 0.00692741 0.00546856 0.00400925 0.00214912 0.00235526 0.00278797
 61 1 1 0 0 1 -1 -1 100  2.05237 45.3747 14.5666 12.8218 9.66584 7.53204 2.16431 1.43863 1.48579 1.62003 0.412754 0.342093 0.175655 0.19037 0.0432099 0.0416475 0.0275071 0.0194312 0.00735478 0.00406951 0.00394851 0.0032228 0.00249686 0.00157151 0.00256365
 62 1 1 0 0 1 -1 -1 100  6.1511 15.8221 46.7537 8.6691 7.62347 5.74706 4.47844 1.28716 0.855716 0.883757 0.963563 0.2458 0.203791 0.104838 0.113586 0.026095 0.0251661 0.0167592 0.0119579 0.00477803 0.00282483 0.0027529 0.00232143 0.00188984 0.00226949
 63 1 1 0 0 1 -1 -1 100  2.67182 42.8344 14.1623 24.1704 4.4778 3.93772 2.96863 2.31343 0.665251 0.442429 0.456911 0.498127 0.12743 0.105734 0.0546282 0.0591466 0.0139605 0.0134808 0.00913895 0.00665923 0.0029511 0.00194234 0.00190519 0.00168236 0.00211524
 64 1 1 0 0 1 -1 -1 100  1.38651 21.5566 44.4279 8.48419 14.4656 2.68019 2.35697 1.77701 1.3849 0.398528 0.265177 0.273844 0.298511 0.0766632 0.0636787 0.0330943 0.0357983 0.00875627 0.00846918 0.00587076 0.00438674 0.00216756 0.00156386 0.00154163 0.00207586
 65 1 1 0 0 1 -1 -1 100  4.76449 12.9543 26.8549 31.9668 6.09893 10.3984 1.92685 1.69451 1.27762 0.995771 0.28675 0.190895 0.197125 0.214856 0.0553879 0.0460545 0.0240699 0.0260136 0.00657529 0.00636893 0.00450113 0.0034344 0.0018392 0.00140525 0.00216281
 66 1 1 0 0 1 -1 -1 100  3.48965 36.5942 12.839 15.3725 18.2811 3.48816 5.94685 1.10231 0.969451 0.731049 0.569868 0.164408 0.109593 0.113156 0.123295 0.0321021 0.0267647 0.0141926 0.0153042 0.00418818 0.00407018 0.00300206 0.00239204 0.0014798 0.00189676
 67 1 1 0 0 1 -1 -1 100  4.21849 26.22 35.7611 7.24683 8.66846 10.3084 1.96727 3.35362 0.621985 0.54707 0.412644 0.321761 0.093139 0.062231 0.0642398 0.069957 0.0185371 0.0155276 0.00843868 0.00906547 0.00279758 0.00273105 0.00212878 0.00178481 0.00177624
 68 1 1 0 0 1 -1 -1 100  4.45279 31.4053 25.3336 19.9562 4.04051 4.83302 5.74726 1.09717 1.87005 0.347192 0.305427 0.230487 0.17982 0.0523663 0.0351355 0.0362554 0.0394427 0.0107766 0.00909887 0.00514689 0.00549632 0.00200203 0.00196494 0.00162918 0.00187031
 69 1 1 0 0 1 -1 -1 100  1.947 32.9618 29.8691 13.9162 10.9519 2.21777 2.65267 3.15438 0.602546 1.02668 0.19098 0.16806 0.126935 0.099131 0.0291882 0.0197324 0.020347 0.0220961 0.00636503 0.00544432 0.00327559 0.00346735 0.00154978 0.00152942 0.00182291
 70 1 1 0 0 1 -1 -1 100  2.75219 17.0182 37.4884 19.6205 9.13277 7.18739 1.45572 1.74112 2.07036 0.395756 0.674086 0.125671 0.110631 0.083643 0.065397 0.019498 0.0132928 0.0136961 0.014844 0.00452065 0.00391645 0.00249324 0.00261909 0.0013607 0.00188755
 71 1 1 0 0 1 -1 -1 100  2.09931 24.6837 19.6728 25.0293 13.0874 6.0919 4.79433 0.9713 1.16166 1.38126 0.264302 0.449949 0.0841557 0.0741237 0.0561229 0.0439527 0.0133381 0.00919923 0.00946825 0.0102339 0.0033482 0.00294521 0.00199592 0.00207986 0.00183268
 72 1 1 0 0 1 -1 -1 100  3.82313 18.6002 28.6031 13.1666 16.7355 8.75076 4.07347 3.2059 0.649758 0.777035 0.923865 0.177048 0.301174 0.0565991 0.0498915 0.0378559 0.0297188 0.00924937 0.00648206 0.00666195 0.00717387 0.00256997 0.00230052 0.00166581 0.00227886
 73 1 1 0 0 1 -1 -1 100  3.29505 30.7737 19.3472 17.1837 7.90266 10.0445 5.25233 2.44517 1.92448 0.390364 0.466752 0.554874 0.106658 0.181155 0.0343687 0.0303431 0.0231197 0.018236 0.00595093 0.00429007 0.00439804 0.00470529 0.00194216 0.00178044 0.00216721
 74 1 1 0 0 1 -1 -1 100  4.38801 25.6995 31.2555 11.3494 10.0706 4.63159 5.88678 3.07842 1.43335 1.12821 0.229177 0.273943 0.325585 0.0629183 0.106575 0.0205548 0.0181957 0.0139626 0.0111007 0.00390128 0.00292798 0.00299125 0.00317131 0.00155203 0.00214144
 75 1 1 0 0 1 -1 -1 100  3.97792 32.5586 24.6872 17.3411 6.2911 5.58226 2.56758 3.26329 1.70671 0.794904 0.625774 0.127471 0.152283 0.180906 0.0353191 0.0595167 0.0118385 0.0105309 0.00818466 0.00659839 0.00260798 0.00206851 0.00210358 0.00220339 0.00193868
 76 1 1 0 0 1 -1 -1 100  3.42878 29.7143 31.4561 13.7758 9.66745 3.50746 3.11231 1.43176 1.81959 0.95186 0.443566 0.349284 0.0715019 0.0853334 0.10129 0.0201313 0.0336204 0.00704189 0.00631298 0.00500504 0.00412077 0.00189628 0.00159554 0.0016151 0.00219416
 77 1 1 0 0 1 -1 -1 100  5.72852 26.1128 29.6455 18.126 7.93067 5.56558 2.01953 1.79205 0.824628 1.04789 0.54837 0.255767 0.201492 0.0415849 0.0495471 0.0587325 0.012013 0.0197782 0.00447797 0.00405837 0.00330544 0.0027964 0.00151585 0.00134273 0.00204157
 78 1 1 0 0 1 -1 -1 100  1.98621 39.7339 23.2458 15.2424 9.31083 4.07401 2.8592 1.0378 0.920959 0.424049 0.538723 0.282152 0.131859 0.103981 0.0218459 0.0259357 0.0306537 0.00665662 0.0106451 0.00278631 0.00257079 0.00218406 0.00192259 0.00126484 0.00171105
 79 1 1 0 0 1 -1 -1 100  1.61407 17.056 44.0381 14.8804 9.74799 5.95464 2.60569 1.82882 0.664033 0.589314 0.27154 0.344874 0.180796 0.0846839 0.0668562 0.0143309 0.0169463 0.0199635 0.00461733 0.007168 0.00214226 0.00200444 0.00175712 0.00158991 0.00162417
 80 1 1 0 0 1 -1 -1 100  2.00406 15.9688 21.856 32.5931 11.0028 7.20781 4.40305 1.92688 1.35247 0.491238 0.435992 0.201034 0.255256 0.133939 0.0628748 0.0496933 0.0108566 0.0127904 0.0150213 0.00367455 0.00556051 0.00184452 0.00174261 0.00155975 0.00189781
 81 1 1 0 0 1 -1 -1 100  5.11898 18.3558 19.3003 15.257 22.7302 7.67342 5.02687 3.07089 1.34406 0.943483 0.342881 0.304353 0.140499 0.178312 0.0937086 0.04415 0.0349575 0.00787374 0.00922234 0.0107781 0.00286511 0.00418034 0.00158888 0.00151781 0.00201659
 82 1 1 0 0 1 -1 -1 100  1.83573 38.2391 17.5909 10.6829 8.43687 12.5691 4.24346 2.78005 1.69849 0.743646 0.522145 0.190042 0.168739 0.0781356 0.0990444 0.052263 0.0248597 0.0197767 0.00480072 0.00554644 0.00640673 0.00203121 0.00275847 0.00132551 0.00184849
 83 1 1 0 0 1 -1 -1 100  5.75147 14.9607 41.6284 11.0606 6.71075 5.29988 7.89549 2.66584 1.74662 1.06726 0.467483 0.32835 0.119744 0.106363 0.0494515 0.0625852 0.0332001 0.0159871 0.0127943 0.00338729 0.00385571 0.00439609 0.00164765 0.00210448 0.00173751
 84 1 1 0 0 1 -1 -1 100  3.59965 40.8171 13.6898 22.0006 5.84027 3.5436 2.79869 4.16912 1.40798 0.92265 0.56396 0.247292 0.173833 0.0636942 0.056629 0.0265812 0.0335155 0.0180008 0.00891273 0.00722702 0.00226032 0.00250764 0.00279296 0.00134183 0.00197256
 85 1 1 0 0 1 -1 -1 100  2.05693 27.1481 39.6355 7.67814 12.3273 3.27269 1.98589 1.56852 2.33636 0.789316 0.517392 0.316421 0.138995 0.0978366 0.0361268 0.0321683 0.0153328 0.019218 0.0105253 0.00543334 0.00448885 0.00170604 0.00184461 0.00200448 0.00173649
 86 1 1 0 0 1 -1 -1 100  1.73826 18.6557 31.7703 26.7895 5.18494 8.32417 2.21016 1.34127 1.05945 1.57792 0.533299 0.349686 0.213983 0.0941789 0.0663874 0.0247188 0.0220459 0.010678 0.0133014 0.00743178 0.00399348 0.00335573 0.00147667 0.00157024 0.00217567
 87 1 1 0 0 1 -1 -1 100  3.34473 16.4942 23.1457 22.7657 19.1783 3.71203 5.95931 1.58247 0.960457 0.75871 1.12987 0.382056 0.250613 0.153468 0.0677039 0.0478088 0.0179795 0.016066 0.00792811 0.00980618 0.00560427 0.00314289 0.00268634 0.00134117 0.00224998
 88 1 1 0 0 1 -1 -1 100  3.34137 28.1913 17.9922 14.5824 14.3293 12.0712 2.33672 3.75116 0.996379 0.604882 0.477902 0.711508 0.240837 0.158106 0.0969633 0.0429833 0.0304614 0.0116868 0.0104825 0.00536047 0.00654255 0.00389786 0.00234865 0.0020613 0.00200155
 89 1 1 0 0 1 -1 -1 100  2.58125 26.9467 29.3392 10.815 8.7571 8.60501 7.24906 1.40358 2.25294 0.598717 0.363626 0.287375 0.427653 0.14502 0.0953409 0.058625 0.0262106 0.0186912 0.00741727 0.00669408 0.00361834 0.00432818 0.00274005 0.00180976 0.0022388
 90 1 1 0 0 1 -1 -1 100  4.32608 21.6294 29.5016 18.552 6.83234 5.53226 5.43618 4.57962 0.887015 1.42356 0.378579 0.230072 0.181904 0.270518 0.0919775 0.0605954 0.0374019 0.0169255 0.0121755 0.00505373 0.0045969 0.00265393 0.00310235 0.00209912 0.00229417
 91 1 1 0 0 1 -1 -1 100  6.36523 31.7957 20.7761 16.3669 10.2827 3.78714 3.0666 3.01335 2.53861 0.492057 0.789424 0.210266 0.127958 0.101262 0.150375 0.0514224 0.0340295 0.0211749 0.00982632 0.00719374 0.0032466 0.00299341 0.00191656 0.00216508 0.00232649
 92 1 1 0 0 1 -1 -1 100  2.64832 41.1921 26.4534 9.98363 7.85747 4.93666 1.81852 1.47262 1.44706 1.21917 0.236729 0.379478 0.101457 0.0619455 0.0491302 0.0727065 0.0252049 0.0168555 0.0106848 0.00523692 0.00397316 0.00207835 0.00195681 0.00143986 0.00219608
 93 1 1 0 0 1 -1 -1 100  2.17117 21.3119 42.8138 15.8802 5.98776 4.71262 2.96097 1.09098 0.883548 0.868218 0.731548 0.142369 0.227977 0.0612448 0.0375495 0.0298641 0.0440031 0.0155159 0.0105087 0.00680798 0.00354084 0.00278295 0.0016466 0.00157371 0.00198116
 94 1 1 0 0 1 -1 -1 100  3.21635 19.6488 25.1008 29.1239 10.7923 4.06949 3.20292 2.01254 0.741732 0.600762 0.590344 0.497466 0.0970714 0.155249 0.0419411 0.0258383 0.0206154 0.030224 0.0108646 0.00746184 0.00494693 0.00272664 0.00221159 0.00143934 0.00205677
 95 1 1 0 0 1 -1 -1 100  2.17345 27.403 21.5614 15.9087 18.4408 6.83366 2.57702 2.02834 1.27463 0.470005 0.380748 0.374151 0.315344 0.0618288 0.0986648 0.0269223 0.0167266 0.0134197 0.0195036 0.00724586 0.00509133 0.00349898 0.00209316 0.00176705 0.00194737
 96 1 1 0 0 1 -1 -1 100  3.76672 18.8992 31.1392 14.1511 10.4312 12.0913 4.48093 1.69001 1.33026 0.836075 0.30851 0.249987 0.245662 0.207104 0.0408832 0.0650353 0.0179963 0.0113113 0.0091431 0.0131321 0.00509513 0.00368247 0.00263842 0.00171667 0.00212418
 97 1 1 0 0 1 -1 -1 100  3.69181 30.2468 19.6473 18.6969 8.48883 6.25742 7.2532 2.68822 1.01413 0.798335 0.501907 0.185455 0.150351 0.147756 0.124628 0.0249232 0.0394105 0.0111949 0.00718501 0.00588444 0.00827719 0.00345632 0.00260896 0.00198269 0.00210428
 98 1 1 0 0 1 -1 -1 100  3.747 28.3013 30.0557 11.2761 10.7204 4.86749 3.58811 4.15904 1.54171 0.581873 0.45815 0.288194 0.106757 0.0866299 0.0851424 0.0718819 0.0147163 0.0230225 0.00684513 0.00454607 0.00380039 0.00517229 0.00240823 0.0019224 0.00219662
 99 1 1 0 0 1 -1 -1 100  3.91866 28.793 28.1981 17.2959 6.48299 6.16345 2.79869 2.06319 2.39141 0.886741 0.334938 0.263811 0.166105 0.0617983 0.0502276 0.0493725 0.0417492 0.00888524 0.0136605 0.00436021 0.0030385 0.00260982 0.00339852 0.00180948 0.00221826
 100 1 1 0 0 1 -1 -1 100  5.89798 28.8926 27.757 15.7003 9.62107 3.6065 3.42876 1.55717 1.14806 1.33063 0.493678 0.186747 0.147184 0.0928364 0.0348179 0.0283819 0.0279063 0.023666 0.00538593 0.00804208 0.00286896 0.00213378 0.00189533 0.00233404 0.00212795
 26 1 2 0 0 1 -1 -1 100  4.07508 23.414 16.751 14.122 12.0526 5.46032 5.36499 3.96089 2.42653 1.86215 0.832253 1.64981 1.36846 0.619042 0.797208 1.32388 0.902477 0.582162 0.315354 0.189793 0.407286 0.0685263 0.203832 0.276032 0.974251
 27 1 2 0 0 1 -1 -1 100  2.44378 22.2267 21.6139 12.411 10.4601 8.92732 4.04457 3.97396 2.93398 1.79752 1.3795 0.616685 1.22223 1.01384 0.458766 0.590729 0.980824 0.6687 0.431452 0.233834 0.140834 0.301927 0.0510152 0.151234 0.925588
 28 1 2 0 0 1 -1 -1 100  5.73733 13.5856 21.689 16.9278 9.7174 8.1899 6.98984 3.1669 3.11162 2.29737 1.40758 1.08029 0.483048 0.957155 0.794001 0.359407 0.462727 0.768151 0.523775 0.338022 0.183298 0.110483 0.236612 0.0401597 0.842547
 29 1 2 0 0 1 -1 -1 100  7.36015 27.6159 11.2778 14.4506 11.2752 6.47263 5.45523 4.65593 2.10965 2.07283 1.5305 0.937853 0.719863 0.322069 0.637848 0.52918 0.239717 0.308534 0.511963 0.349196 0.225475 0.12242 0.0739221 0.157931 0.58761
 30 1 2 0 0 1 -1 -1 100  5.23604 33.2997 21.2703 6.97197 8.93072 6.96832 4.00039 3.37165 2.87769 1.30412 1.28136 0.946211 0.579963 0.445248 0.199416 0.394564 0.327409 0.148524 0.191053 0.31677 0.216182 0.139724 0.0760368 0.0460654 0.460509
 31 1 2 0 0 1 -1 -1 100  4.8817 25.7278 27.9646 14.3367 4.69812 6.01791 4.69563 2.69582 2.27217 1.93933 0.879052 0.863718 0.637889 0.391109 0.300337 0.134694 0.266186 0.220937 0.100403 0.129059 0.213769 0.145992 0.0944737 0.0515608 0.340994
 32 1 2 0 0 1 -1 -1 100  4.3075 24.9026 22.3696 19.5149 10.002 3.27783 4.19855 3.27609 1.88097 1.58542 1.35323 0.613551 0.602853 0.445309 0.273149 0.209825 0.0942684 0.186001 0.154434 0.0703463 0.0903377 0.149434 0.102151 0.0662102 0.273467
 33 1 2 0 0 1 -1 -1 100  10.2048 20.5981 21.088 15.2038 13.2598 6.79616 2.22744 2.85302 2.22626 1.27834 1.07753 0.91977 0.417197 0.409928 0.302885 0.185912 0.142886 0.0643711 0.126699 0.105251 0.0481175 0.0617008 0.101854 0.0697275 0.230439
 34 1 2 0 0 1 -1 -1 100  6.41306 41.2266 14.1657 11.6399 8.38974 7.317 3.75047 1.22951 1.5747 1.22886 0.705819 0.595014 0.507962 0.230651 0.22664 0.167576 0.103031 0.0792905 0.0359672 0.0703588 0.0585241 0.0269987 0.0344939 0.0566502 0.165527
 35 1 2 0 0 1 -1 -1 100  3.53338 30.1515 32.8398 9.05679 7.43986 5.36252 4.67689 2.39741 0.786184 1.0068 0.785766 0.451472 0.380653 0.325016 0.147777 0.145214 0.107464 0.0662115 0.051038 0.0233487 0.0453296 0.0377657 0.0176167 0.0224072 0.141726
 36 1 2 0 0 1 -1 -1 100  4.44252 18.9149 27.7174 24.2296 6.68044 5.48778 3.95557 3.44986 1.76855 0.580138 0.742864 0.57983 0.33326 0.281026 0.239988 0.10926 0.10737 0.079526 0.049099 0.0379073 0.017484 0.0336969 0.0281179 0.0132563 0.120589
 37 1 2 0 0 1 -1 -1 100  8.04961 22.1116 16.4256 19.3184 16.8826 4.65496 3.82397 2.75638 2.40403 1.23256 0.40452 0.5179 0.404305 0.232505 0.19611 0.167517 0.0764312 0.075114 0.0557138 0.0345135 0.0267155 0.0124854 0.023782 0.0198948 0.0928667
 38 1 2 0 0 1 -1 -1 100  4.29117 36.1846 16.8393 10.04 11.8047 10.3162 2.84474 2.33697 1.68464 1.46933 0.753524 0.247564 0.316844 0.247433 0.142458 0.120219 0.102748 0.0470911 0.0462863 0.0344321 0.0214779 0.0167131 0.00801794 0.0149207 0.0686807
 39 1 2 0 0 1 -1 -1 100  7.5391 20.9648 30.8145 11.5097 6.86048 8.06623 7.04921 1.94407 1.59712 1.1514 1.00428 0.515185 0.169473 0.21681 0.169383 0.0976552 0.0824601 0.0705224 0.0324932 0.0319433 0.0238435 0.0149922 0.0117365 0.0057952 0.056758
 40 1 2 0 0 1 -1 -1 100  6.82098 33.5316 15.9609 18.8289 7.03105 4.19107 4.92759 4.30636 1.18791 0.975981 0.703712 0.613849 0.315086 0.10391 0.132826 0.103856 0.0600412 0.0507594 0.0434673 0.0202374 0.0199015 0.0149538 0.00954701 0.00755828 0.0379894
 41 1 2 0 0 1 -1 -1 100  5.62005 31.0704 26.0783 9.96311 11.7498 4.38782 2.61565 3.07524 2.68758 0.741645 0.609397 0.439499 0.383423 0.196993 0.0652168 0.0832605 0.0651828 0.0378422 0.0320503 0.0275 0.0130043 0.0127947 0.0097073 0.00633338 0.0281749
 42 1 2 0 0 1 -1 -1 100  3.98673 27.6206 25.952 17.4827 6.67744 7.87483 2.94096 1.75328 2.0613 1.80149 0.497365 0.408735 0.294873 0.257292 0.13235 0.0440368 0.0561293 0.044014 0.0256909 0.0218093 0.0187598 0.009045 0.00890457 0.00683544 0.0227869
 43 1 2 0 0 1 -1 -1 100  5.97498 20.5464 24.5978 18.5497 12.4925 4.77163 5.62722 2.10174 1.25309 1.47318 1.28754 0.355675 0.292345 0.210985 0.184132 0.0948557 0.0317517 0.0403924 0.0317355 0.0186428 0.0158692 0.0136902 0.0067485 0.00664817 0.020738
 44 1 2 0 0 1 -1 -1 100  10.6762 26.8241 16.1492 15.5172 11.6986 7.87863 3.00953 3.5491 1.3258 0.790612 0.929408 0.812336 0.224671 0.184733 0.133424 0.11649 0.0601888 0.0203931 0.0258423 0.0203829 0.0121261 0.010377 0.00900289 0.00462516 0.0170098
 45 1 2 0 0 1 -1 -1 100  8.13095 41.1341 17.6768 8.54167 8.20504 6.18592 4.16618 1.59172 1.87701 0.70147 0.418496 0.491882 0.429982 0.119263 0.0981459 0.0710173 0.0620635 0.0322951 0.0112537 0.0141349 0.0112484 0.00688271 0.0059579 0.00523134 0.011382
 46 1 2 0 0 1 -1 -1 100  7.1273 34.0869 29.5402 10.1889 4.9222 4.72821 3.56479 2.401 0.917581 1.08197 0.404614 0.241563 0.283848 0.248181 0.0691434 0.0569759 0.0413443 0.0361851 0.0190324 0.00690816 0.00856835 0.0069051 0.00438957 0.00385669 0.00942048
 47 1 2 0 0 1 -1 -1 100  4.84301 32.3905 26.3257 18.3109 6.31413 3.05051 2.9303 2.20936 1.4882 0.568975 0.670838 0.251106 0.150069 0.176271 0.15417 0.0432261 0.0356863 0.0259999 0.022803 0.012174 0.00466102 0.00568979 0.00465913 0.00310033 0.00798829
 48 1 2 0 0 1 -1 -1 100  13.053 21.3797 25.6594 16.7384 11.6392 4.01374 1.93932 1.86291 1.40467 0.946292 0.362015 0.426761 0.159972 0.0957506 0.112406 0.0983574 0.0278396 0.0230472 0.0168904 0.0148583 0.00810234 0.00332693 0.00398085 0.00332574 0.00677708
 49 1 2 0 0 1 -1 -1 100  6.10846 47.8619 13.2968 12.8085 8.35311 5.8085 2.00338 0.968233 0.930105 0.70144 0.472705 0.181148 0.213456 0.0803274 0.0482808 0.0565918 0.0495817 0.014393 0.0120016 0.00892927 0.00791529 0.004544 0.00216104 0.00248735 0.00504343
 50 1 2 0 0 1 -1 -1 100  7.2927 27.3117 36.9067 8.22962 7.92508 5.16848 3.59412 1.23988 0.59943 0.57584 0.434364 0.292845 0.112458 0.132447 0.05008 0.0302527 0.0353947 0.0310576 0.00928621 0.00780663 0.00590579 0.00527844 0.00319261 0.00171825 0.00442204
 51 1 2 0 0 1 -1 -1 100  5.67426 32.9271 21.0135 22.7907 5.08078 4.89276 3.19103 2.21913 0.765794 0.370427 0.355864 0.268527 0.181164 0.0698059 0.0821459 0.0312984 0.0190584 0.0222328 0.0195553 0.00611523 0.00520185 0.00402841 0.00364113 0.00235348 0.00355603
 52 1 2 0 0 1 -1 -1 100  13.0099 24.3152 25.104 12.8587 13.9421 3.10843 2.99341 1.95242 1.35789 0.468843 0.226988 0.218079 0.164653 0.11121 0.0430901 0.0506388 0.0195342 0.0120467 0.0139885 0.0123507 0.00412903 0.00357029 0.00285247 0.00261556 0.00339165
 53 1 2 0 0 1 -1 -1 100  5.95452 47.6702 15.1106 12.5214 6.41203 6.95219 1.5504 1.49305 0.974 0.677559 0.234272 0.11368 0.109238 0.0825989 0.055952 0.0219865 0.0257504 0.0102412 0.0065079 0.00747613 0.00665949 0.00256006 0.00228146 0.00192355 0.00299808
 54 1 2 0 0 1 -1 -1 100  3.74419 28.1441 38.2473 9.73075 8.0611 4.12814 4.47587 0.998435 0.961515 0.627374 0.436539 0.15117 0.0735381 0.0706786 0.0535297 0.0363756 0.0145101 0.0169331 0.00694902 0.00454567 0.00516898 0.00464327 0.00200421 0.00182487 0.00288092
 55 1 2 0 0 1 -1 -1 100  4.26589 19.9973 25.7405 28.0758 7.14107 5.91579 3.02964 3.28482 0.732953 0.705859 0.460655 0.320613 0.1112 0.0542309 0.0521325 0.039548 0.0269598 0.0109141 0.0126922 0.00536555 0.00360188 0.0040593 0.00367351 0.00173687 0.00298576
 56 1 2 0 0 1 -1 -1 100  9.88213 20.7373 17.1757 17.7444 19.3486 4.92153 4.07713 2.08816 2.26402 0.505419 0.486748 0.317767 0.221259 0.0769431 0.0376835 0.0362374 0.027565 0.0188899 0.00783217 0.00905757 0.00400842 0.002793 0.00310823 0.00284237 0.00287641
 57 1 2 0 0 1 -1 -1 100  7.04572 40.0767 14.3485 9.53845 9.8514 10.7419 2.73266 2.26388 1.1597 1.25732 0.281031 0.270665 0.176855 0.123277 0.04316 0.0213649 0.0205621 0.0157476 0.0109316 0.00479282 0.00547311 0.00267004 0.00199529 0.0021703 0.00306457
 58 1 2 0 0 1 -1 -1 100  5.69598 31.4389 30.5322 8.77375 5.83097 6.02224 6.5666 1.67077 1.38423 0.709276 0.76895 0.172174 0.165837 0.108494 0.0757442 0.026771 0.0134483 0.0129576 0.0100147 0.00707079 0.00331834 0.00373419 0.00202075 0.0016083 0.00297746
 59 1 2 0 0 1 -1 -1 100  4.59498 27.675 26.0012 20.2669 5.82245 3.86965 3.99658 4.3578 1.10903 0.918882 0.470997 0.510596 0.114587 0.110383 0.0723308 0.0505986 0.018101 0.00926039 0.00893478 0.00698189 0.00502839 0.00253833 0.00281429 0.00167727 0.00271598
 60 1 2 0 0 1 -1 -1 100  14.6746 20.083 22.0102 16.5972 12.9331 3.71578 2.46967 2.55066 2.78116 0.708055 0.586719 0.300914 0.326183 0.073482 0.070799 0.0465175 0.0326498 0.0119124 0.00627104 0.00606327 0.00481709 0.00357052 0.00198156 0.00215765 0.00252728
 61 1 2 0 0 1 -1 -1 100  4.45329 52.1294 12.0348 10.5861 7.98046 6.21875 1.78706 1.18793 1.22687 1.3377 0.340951 0.282612 0.145198 0.157347 0.0358491 0.0345591 0.0228846 0.0162171 0.00624656 0.00353419 0.00343429 0.00283513 0.00223578 0.00147181 0.00229093
 62 1 2 0 0 1 -1 -1 100  13.5494 19.0185 40.4146 7.48877 6.58548 4.96459 3.86873 1.11201 0.739326 0.763548 0.832486 0.212465 0.176176 0.0906977 0.098255 0.0226777 0.0218753 0.0146132 0.0104656 0.00426352 0.0025763 0.00251416 0.00214145 0.00176863 0.00209659
 63 1 2 0 0 1 -1 -1 100  5.63335 49.2907 11.7197 19.9881 3.70311 3.25649 2.45509 1.91328 0.550306 0.366042 0.378018 0.412102 0.105552 0.0876098 0.045348 0.0490845 0.0117177 0.011321 0.00773049 0.00567988 0.00261343 0.00177923 0.00174851 0.00156424 0.00192221
 64 1 2 0 0 1 -1 -1 100  3.28404 27.0916 40.1529 7.66275 13.0649 2.42075 2.12883 1.60502 1.25089 0.360032 0.239595 0.247423 0.2697 0.0693361 0.057609 0.0299863 0.0324285 0.00800514 0.00774585 0.00539906 0.00405875 0.00205448 0.00150923 0.00148915 0.00197165
 65 1 2 0 0 1 -1 -1 100  10.8314 16.0209 23.884 28.4113 5.42064 9.24188 1.71263 1.50614 1.13562 0.885119 0.254965 0.169773 0.175309 0.191068 0.0493381 0.0410429 0.0215037 0.0232312 0.0059551 0.00577169 0.00411166 0.00316358 0.00174583 0.00136014 0.00203344
 66 1 2 0 0 1 -1 -1 100  7.49521 42.4939 10.7215 12.8285 15.2557 2.91102 4.96279 0.920041 0.809168 0.610222 0.475717 0.137363 0.0916203 0.0945932 0.103054 0.0269545 0.0225005 0.0120091 0.0129367 0.00366048 0.003562 0.00267067 0.0021616 0.00140035 0.0017483
 67 1 2 0 0 1 -1 -1 100  9.27153 31.2069 30.6081 6.19855 7.41447 8.81714 1.68279 2.86857 0.532142 0.468065 0.353088 0.275354 0.0798084 0.0533721 0.0550903 0.0599803 0.0159998 0.0134257 0.00736242 0.00789852 0.00253747 0.00248056 0.00196543 0.00167123 0.00166389
 68 1 2 0 0 1 -1 -1 100  9.52046 36.6576 21.265 16.74 3.38944 4.05421 4.8211 0.920494 1.5688 0.291394 0.256361 0.193499 0.150999 0.0440872 0.0296336 0.030573 0.0332466 0.00920082 0.00779348 0.00447846 0.00477157 0.00184048 0.00180937 0.00152773 0.00173
 69 1 2 0 0 1 -1 -1 100  4.32049 39.5427 25.7682 11.9976 9.44197 1.91211 2.28704 2.71958 0.519602 0.885253 0.164784 0.145025 0.109571 0.0856002 0.0253014 0.0171494 0.0176793 0.0191872 0.00562523 0.00483148 0.00296178 0.0031271 0.00147393 0.00145639 0.00170941
 70 1 2 0 0 1 -1 -1 100  6.33667 21.34 33.8053 17.681 8.23001 6.47695 1.31191 1.56909 1.86578 0.35673 0.607545 0.113346 0.0997927 0.0754729 0.0590306 0.0176692 0.0120775 0.0124409 0.0134753 0.00417257 0.0036281 0.0023456 0.002459 0.00132502 0.00179978
 71 1 2 0 0 1 -1 -1 100  4.80118 30.3944 17.4204 22.1487 11.5812 5.39085 4.24263 0.85962 1.02807 1.2224 0.233996 0.398275 0.0745845 0.0657072 0.0497782 0.0390089 0.011918 0.00825547 0.00849353 0.00917104 0.0030779 0.00272128 0.00188126 0.00195554 0.00173681
 72 1 2 0 0 1 -1 -1 100  8.64266 22.85 25.269 11.6241 14.7748 7.7256 3.59633 2.8304 0.573747 0.686112 0.815739 0.156421 0.266004 0.0500848 0.0441632 0.0335377 0.0263539 0.00828281 0.00583973 0.00599853 0.00645048 0.002386 0.00214812 0.00158777 0.002129
 73 1 2 0 0 1 -1 -1 100  7.23946 36.5192 16.5108 14.6546 6.7396 8.56621 4.47938 2.08541 1.64136 0.333053 0.398197 0.473348 0.091106 0.154637 0.029457 0.0260239 0.0198638 0.015699 0.00522215 0.00380576 0.00389783 0.00415986 0.00180344 0.00166553 0.00199536
 74 1 2 0 0 1 -1 -1 100  9.62222 30.5777 26.7432 9.70449 8.61102 3.96038 5.03363 2.63234 1.22573 0.964819 0.196103 0.234379 0.278535 0.0539431 0.0912719 0.0177203 0.0157031 0.0120836 0.00963655 0.0034807 0.00264848 0.00270258 0.00285654 0.00147198 0.00197595
 75 1 2 0 0 1 -1 -1 100  8.56714 38.0773 20.7625 14.5745 5.2875 4.69176 2.15808 2.74279 1.43456 0.668234 0.52609 0.107292 0.128145 0.152202 0.0298434 0.0501802 0.0101091 0.00901019 0.00703829 0.00570511 0.00235138 0.00189799 0.00192746 0.00201134 0.00178887
 76 1 2 0 0 1 -1 -1 100  7.57884 35.3084 26.8797 11.7638 8.25548 2.99527 2.65784 1.22277 1.55395 0.812968 0.378921 0.29841 0.0612036 0.0730147 0.0866403 0.0173368 0.0288555 0.00615931 0.00553687 0.00441999 0.00366488 0.00176532 0.00150851 0.00152521 0.00201969
 77 1 2 0 0 1 -1 -1 100  12.2489 30.5069 24.9064 15.2182 6.65847 4.67282 1.69568 1.5047 0.692489 0.879928 0.460553 0.214893 0.169326 0.0350736 0.0417583 0.0494701 0.0102461 0.0167654 0.00391993 0.00356765 0.00293552 0.00250815 0.00143305 0.0012877 0.00187442
 78 1 2 0 0 1 -1 -1 100  4.28037 46.5918 19.602 12.8446 7.84613 3.43321 2.40952 0.87468 0.776223 0.357491 0.454124 0.237918 0.111271 0.0877791 0.0185662 0.0220125 0.0259883 0.00576663 0.00912763 0.00250523 0.00232362 0.00199773 0.0017774 0.00122313 0.00159914
 79 1 2 0 0 1 -1 -1 100  3.7889 21.7272 40.3427 13.6227 8.92401 5.45134 2.3855 1.6743 0.607982 0.539579 0.248669 0.315804 0.165597 0.0776095 0.0612889 0.0132039 0.0155982 0.0183603 0.00431151 0.00664655 0.00204568 0.0019195 0.00169309 0.00154002 0.00157138
 80 1 2 0 0 1 -1 -1 100  4.76377 20.2966 19.977 29.7709 10.0501 6.58374 4.02186 1.76011 1.23544 0.448786 0.398324 0.183712 0.233238 0.122427 0.0575167 0.0454766 0.0100031 0.0117694 0.0138071 0.00344293 0.00516556 0.00177136 0.00167828 0.00151125 0.00182004
 81 1 2 0 0 1 -1 -1 100  11.321 22.1883 16.7774 13.2537 19.7455 6.66591 4.3669 2.66777 1.1677 0.81972 0.297987 0.264518 0.12218 0.155028 0.0815344 0.0384837 0.0304983 0.00697107 0.00814257 0.00949407 0.00262015 0.00376267 0.00151151 0.00144978 0.00188306
 82 1 2 0 0 1 -1 -1 100  4.08734 45.1037 14.9211 9.0555 7.15163 10.6543 3.5971 2.35665 1.43987 0.6305 0.442746 0.161241 0.143183 0.0663835 0.0841068 0.0444528 0.0212245 0.0169159 0.00422162 0.00485372 0.00558294 0.00187406 0.00249052 0.00127588 0.00171918
 83 1 2 0 0 1 -1 -1 100  12.803 18.1277 36.2735 9.63143 5.84368 4.61513 6.87531 2.32147 1.52104 0.929469 0.407201 0.286047 0.104399 0.0927468 0.0431902 0.0546266 0.0290389 0.0140503 0.0112701 0.00307875 0.00348664 0.00395719 0.00156392 0.00196172 0.00164217
 84 1 2 0 0 1 -1 -1 100  7.55874 46.7143 11.2672 18.095 4.80359 2.91466 2.302 3.42912 1.15819 0.759024 0.464014 0.203566 0.143149 0.0525636 0.0467527 0.0220396 0.0277427 0.0149825 0.00750788 0.00612144 0.00203652 0.00223993 0.0024746 0.0012811 0.00179985
 85 1 2 0 0 1 -1 -1 100  4.61896 33.1782 34.834 6.74358 10.8267 2.8744 1.74425 1.37769 2.05205 0.693347 0.454526 0.278022 0.122196 0.0860477 0.0318505 0.0283738 0.0135879 0.0170002 0.00936568 0.00489359 0.00406408 0.00162006 0.00174176 0.00188216 0.00164679
 86 1 2 0 0 1 -1 -1 100  4.0797 23.5824 28.8806 24.3365 4.71022 7.56197 2.00786 1.21853 0.962519 1.43351 0.484553 0.317754 0.194479 0.085646 0.0603994 0.0225467 0.0201185 0.00979166 0.0121749 0.00684276 0.00371932 0.00313998 0.00143299 0.001518 0.00206798
 87 1 2 0 0 1 -1 -1 100  7.67611 20.5467 20.7343 20.3802 17.1686 3.32314 5.33491 1.41674 0.859912 0.679306 1.01157 0.342124 0.224455 0.13749 0.0607137 0.0429034 0.0162001 0.0144872 0.00720205 0.00888331 0.00512174 0.0029183 0.00250959 0.00130539 0.00211896
 88 1 2 0 0 1 -1 -1 100  7.35121 33.7427 15.4867 12.5433 12.3255 10.3832 2.01008 3.22671 0.857178 0.52043 0.411208 0.612145 0.207296 0.136135 0.0835429 0.037112 0.0263412 0.0101923 0.00915635 0.00475063 0.00576739 0.00349256 0.00216001 0.00191284 0.00186145
 89 1 2 0 0 1 -1 -1 100  5.81442 32.7029 25.6057 9.43254 7.63765 7.50501 6.32241 1.22426 1.96503 0.5223 0.317265 0.250763 0.373106 0.126607 0.0832795 0.0512577 0.0229874 0.0164294 0.00659679 0.00596607 0.00328356 0.00390264 0.00251756 0.0017062 0.00208038
 90 1 2 0 0 1 -1 -1 100  9.69087 26.0939 25.5946 16.0844 5.9236 4.79647 4.71317 3.97055 0.769153 1.23432 0.328352 0.199599 0.157839 0.234665 0.0798751 0.0526676 0.0325594 0.014807 0.0106889 0.00451445 0.00411838 0.00243388 0.00282264 0.00195287 0.00212198
 91 1 2 0 0 1 -1 -1 100  13.2699 36.1661 16.9944 13.3789 8.40538 3.09585 2.50686 2.46334 2.07528 0.402397 0.64547 0.172057 0.104778 0.0829559 0.123101 0.042216 0.0279987 0.0174912 0.00821472 0.0060628 0.00283636 0.0026294 0.00174916 0.00195231 0.00208424
 92 1 2 0 0 1 -1 -1 100  5.63494 47.6554 22.0083 8.30056 6.53284 4.10448 1.51207 1.2245 1.20325 1.01378 0.196984 0.315665 0.0845191 0.0516697 0.0410152 0.0606164 0.0211238 0.0141822 0.00905182 0.00452251 0.00347182 0.00189649 0.00179544 0.00136566 0.00199437
 93 1 2 0 0 1 -1 -1 100  5.00002 26.5271 38.323 14.205 5.35616 4.21554 2.64869 0.975991 0.790439 0.776727 0.654475 0.127454 0.204031 0.0548889 0.0336935 0.0268189 0.0394662 0.0139844 0.00950545 0.00619521 0.00327275 0.00259482 0.00157836 0.00151316 0.00187762
 94 1 2 0 0 1 -1 -1 100  7.28733 24.2583 22.2854 25.8399 9.57538 3.61069 2.84185 1.7857 0.658201 0.533128 0.523885 0.44148 0.0862375 0.137855 0.0373242 0.0230373 0.0184034 0.0269284 0.00975218 0.00673311 0.00450181 0.0025319 0.00207493 0.00138977 0.00193757
 95 1 2 0 0 1 -1 -1 100  4.91638 33.3942 18.8954 13.9323 16.1497 5.98473 2.25696 1.77645 1.11639 0.411733 0.333566 0.327789 0.276288 0.0542711 0.0865304 0.0237016 0.0147726 0.0118766 0.0172045 0.00646981 0.00458297 0.00318846 0.00195731 0.00167171 0.00182963
 96 1 2 0 0 1 -1 -1 100  8.52435 23.208 27.4986 12.4883 9.20552 10.6705 3.95448 1.49152 1.17405 0.737942 0.272373 0.220727 0.21691 0.182884 0.0361963 0.0575101 0.0159989 0.0100995 0.00818613 0.0117063 0.00461386 0.00336721 0.00244585 0.00163242 0.00199205
 97 1 2 0 0 1 -1 -1 100  8.05533 35.7765 16.712 15.8929 7.21581 5.31907 6.1655 2.28519 0.862174 0.678749 0.42678 0.15779 0.127951 0.125745 0.106086 0.0213351 0.0336496 0.00966578 0.00625732 0.00515181 0.0071857 0.00308787 0.0023676 0.00183527 0.00193862
 98 1 2 0 0 1 -1 -1 100  8.22434 33.6659 25.7109 9.63962 9.16452 4.16115 3.06746 3.55553 1.31809 0.497564 0.391798 0.24651 0.0914068 0.0742012 0.0729296 0.0615938 0.0127254 0.0198261 0.00599671 0.00403134 0.00339389 0.00456667 0.0022038 0.00178848 0.0020229
 99 1 2 0 0 1 -1 -1 100  8.61941 34.097 24.0135 14.7194 5.51731 5.24538 2.3819 1.75597 2.03529 0.754784 0.285188 0.224657 0.141507 0.0527405 0.0428936 0.0421659 0.0356783 0.00771046 0.0117743 0.00385957 0.00273477 0.00236995 0.00304115 0.00168885 0.00203673
 100 1 2 0 0 1 -1 -1 100  12.5033 33.3635 23.0497 13.029 7.98415 2.99299 2.8455 1.29237 0.952877 1.10438 0.409845 0.155141 0.122309 0.0772097 0.0290634 0.0237226 0.0233279 0.0198091 0.00463958 0.00684376 0.0025509 0.00194081 0.00174294 0.002107 0.00193597

0 #_N_MeanSize-at-Age_obs
#Yr Seas Flt/Svy Gender Part Ageerr Ignore datavector(female-male)
#                                          samplesize(female-male)

0 #_N_environ_variables
0 #_N_environ_obs
0 # N sizefreq methods to read 

0 # do tags (0/1)

0 # no morphcomp data 

999

