#C data file created using the SS_writedat function in the R package r4ss
#C should work with SS version: 
#C file write time: 2014-11-03 17:59:16
#
1 #_styr
100 #_endyr
1 #_nseas
12 #_months_per_seas
1 #_spawn_seas
1 #_Nfleet
2 #_Nsurveys
1 #_N_areas
Fishery%Survey%CPUE #_fleetnames
0.5 0.5 0.5 #_surveytiming_in_season
1 1 1 #_area_assignments_for_each_fishery_and_survey
1 #_units of catch:  1=bio; 2=num
0.01 #_se of log(catch) only used for init_eq_catch and for Fmethod 2 and 3
1 #_Ngenders
25 #_Nages
0 #_init_equil_catch_for_each_fishery
100 #_N_lines_of_catch_to_read
  #_Fishery year seas
          0    1    1
          0    2    1
          0    3    1
          0    4    1
          0    5    1
          0    6    1
          0    7    1
          0    8    1
          0    9    1
          0   10    1
          0   11    1
          0   12    1
          0   13    1
          0   14    1
          0   15    1
          0   16    1
          0   17    1
          0   18    1
          0   19    1
          0   20    1
          0   21    1
          0   22    1
          0   23    1
          0   24    1
          0   25    1
 1258700000   26    1
  984641000   27    1
  770493000   28    1
  598907000   29    1
  483783000   30    1
  401978000   31    1
  345526000   32    1
  300068000   33    1
  267103000   34    1
  237942000   35    1
  215121000   36    1
  199460000   37    1
  191908000   38    1
  176542000   39    1
  154319000   40    1
  137469000   41    1
  126730000   42    1
  115750000   43    1
  106751000   44    1
  104707000   45    1
  103876000   46    1
   99689300   47    1
   95577500   48    1
   90260900   49    1
   89853400   50    1
   89721200   51    1
   91434700   52    1
   93830600   53    1
   92408000   54    1
   87778200   55    1
   85111800   56    1
   83796000   57    1
   84481700   58    1
   85288600   59    1
   85975400   60    1
   82435100   61    1
   73146300   62    1
   68265600   63    1
   70076100   64    1
   72514400   65    1
   75630200   66    1
   78410600   67    1
   80833000   68    1
   78812200   69    1
   80970500   70    1
   87968600   71    1
   86239200   72    1
   81538700   73    1
   77057900   74    1
   73378300   75    1
   75431000   76    1
   82702400   77    1
   88365000   78    1
   86574500   79    1
   81853200   80    1
   77299900   81    1
   72257900   82    1
   71968600   83    1
   75044500   84    1
   74160200   85    1
   74688800   86    1
   74476700   87    1
   71659600   88    1
   70070800   89    1
   67619200   90    1
   68352300   91    1
   69092400   92    1
   66599300   93    1
   64598700   94    1
   62203600   95    1
   61414200   96    1
   60137500   97    1
   56586600   98    1
   55480200   99    1
   61807800  100    1
7 #_N_cpue
 #_Fleet Units Errtype
       1     1       0
       2     1       0
       3     1       0
 #_year seas index       obs se_log
     88    1     2 194031097    0.2
     90    1     2 212776081    0.2
     92    1     2 211345276    0.2
     94    1     2 163536827    0.2
     96    1     2 241890381    0.2
     98    1     2 274268321    0.2
    100    1     2 248041653    0.2
0 #_N_discard_fleets
#_discard_units (1=same_as_catchunits(bio/num); 2=fraction; 3=numbers)
#_discard_errtype:  >0 for DF of T-dist(read CV below); 0 for normal with CV; -1 for normal with se; -2 for lognormal
0 #_N_discard
0 #_N_meanbodywt
1 #_DF_for_meanbodywt_T-distribution_like
2 # length bin method: 1=use databins; 2=generate from binwidth,min,max below; 3=read vector
1 # binwidth for population size comp
10 # minimum size in the population (lower edge of first bin and size at age 0.00)
200 # maximum size in the population (lower edge of last bin)
-0.001 #_comp_tail_compression
1e-05 #_add_to_comp
-1 #_combine males into females at or below this bin number
21 #_N_lbins
#_lbin_vector
10 53 70 83 94 101 107 111 114 117 120 123 125 127 130 132 135 138 142 148 200
36 #_N_Length_comp_observations
 #_Yr Seas FltSvy Gender Part Nsamp       l10        l53         l70        l83          l94         l101         l107         l111         l114         l117         l120          l123         l125         l127          l130         l132         l135         l138         l142          l148          l200
   26    1      1      0    0   5.0 0.1022446 0.10607044 0.009881604 0.35663825 0.0019818180 1.076406e-06 3.912133e-01 5.944042e-04 5.412042e-09 1.642177e-12 1.482269e-06  3.132062e-02 5.236011e-05 5.959046e-09  1.961985e-17 5.505573e-18 2.008060e-66 9.896988e-27 1.321652e-13  2.984218e-15  0.000000e+00
   36    1      1      0    0   5.0 0.2316209 0.45367529 0.043820169 0.06901825 0.1947619621 6.274309e-14 7.033431e-03 5.987813e-05 6.543197e-06 4.951523e-21 1.725569e-52 1.374289e-121 6.629262e-11 7.822683e-28  1.740520e-38 3.601069e-06 2.934730e-34 3.299335e-93 0.000000e+00 8.388608e-203  0.000000e+00
   46    1      1      0    0   7.5 0.1116218 0.41913399 0.014564693 0.19069059 0.0127884971 2.903785e-03 1.266930e-02 2.348388e-01 3.227021e-07 2.066915e-06 2.386333e-11  7.544377e-47 3.005879e-57 3.655616e-11 4.669521e-115 7.861361e-04 3.230328e-51 6.599599e-21 6.350706e-66  4.706445e-14  0.000000e+00
   51    1      1      0    0  10.0 0.6039651 0.04307162 0.015038983 0.30375662 0.0279969127 1.190402e-04 5.790315e-03 6.023764e-09 8.856797e-25 2.963354e-05 2.318111e-04  1.613369e-14 3.548261e-12 9.112505e-23  1.874870e-23 1.765528e-25 1.134171e-35 1.237343e-36 5.833982e-88 2.103900e-188  0.000000e+00
   56    1      1      0    0  12.5 0.3670139 0.06826533 0.340900628 0.11201205 0.0207200321 3.049004e-02 5.689541e-02 1.003245e-04 4.939843e-12 5.355131e-06 3.254322e-03  6.069942e-16 1.642615e-41 4.530341e-18  2.030670e-31 3.426315e-04 1.791701e-42 4.221640e-19 1.744813e-17  2.705875e-93  0.000000e+00
   61    1      1      0    0  15.0 0.1204479 0.44442619 0.150230031 0.16029940 0.0226985945 6.403172e-02 8.561349e-04 3.342341e-02 3.656686e-13 6.344144e-05 3.492059e-03  3.245088e-12 2.351489e-05 1.127409e-35  7.639406e-06 2.057442e-09 1.311100e-38 3.211157e-47 6.875626e-10 2.284013e-103  0.000000e+00
   66    1      1      0    0  17.5 0.2613132 0.43234908 0.054312153 0.18901636 0.0004158109 1.892150e-03 2.924535e-02 2.488513e-13 2.411357e-02 2.726246e-03 7.495314e-06  5.834926e-09 3.216843e-30 4.608562e-03  9.242741e-30 1.610168e-11 3.169795e-33 5.882792e-53 5.107176e-50 3.720523e-221  0.000000e+00
   71    1      1      0    0  20.0 0.2893211 0.32945714 0.174107297 0.02634056 0.1415249971 2.307162e-02 9.642433e-03 9.460300e-06 1.101244e-08 6.525400e-03 3.774119e-11  2.395375e-08 4.970305e-15 1.494137e-09  3.292303e-13 1.851305e-17 4.941213e-75 3.337055e-61 4.224274e-18  1.111762e-38  0.000000e+00
   76    1      1      0    0  22.5 0.2602493 0.43410831 0.143867022 0.11212182 0.0124396587 5.475334e-03 9.433368e-05 1.094299e-03 3.848731e-04 2.401727e-02 1.500136e-08  5.409968e-19 1.358013e-17 7.647524e-11  9.308008e-30 6.828091e-34 8.521093e-20 3.368165e-03 5.833680e-36  2.779630e-03  0.000000e+00
   81    1      1      0    0  25.0 0.2952328 0.29930690 0.197530887 0.04188393 0.0188706911 8.591307e-02 9.035489e-03 9.737422e-06 6.977616e-04 5.045681e-02 4.200880e-05  1.473634e-04 4.739098e-04 3.954609e-04  6.194791e-11 4.722993e-31 4.312108e-69 3.159255e-06 5.723413e-45  8.578033e-19  0.000000e+00
   82    1      1      0    0  25.0 0.1509526 0.25450078 0.264319344 0.15884406 0.0247714659 5.680431e-02 1.043591e-04 1.436310e-03 1.005170e-02 2.996983e-02 4.008122e-03  1.004209e-20 2.506306e-04 2.885319e-10  1.495135e-03 4.249136e-02 4.708130e-09 2.718118e-08 1.073315e-34  1.083522e-36  0.000000e+00
   83    1      1      0    0  25.0 0.3966799 0.29882188 0.109027310 0.09220402 0.0116517123 2.947658e-02 3.175402e-02 1.392524e-03 2.126473e-03 6.666043e-04 2.615342e-02  2.048166e-10 3.954587e-05 5.148494e-21  6.033888e-06 3.856238e-40 6.563968e-10 1.088459e-14 6.912132e-13 3.072801e-182  0.000000e+00
   84    1      1      0    0  25.0 0.2446879 0.38883622 0.119466998 0.19430407 0.0486169249 3.454057e-04 3.043999e-03 6.791769e-04 5.990912e-06 3.150018e-09 1.297422e-08  2.418464e-06 2.411638e-20 1.080498e-05  4.241548e-19 9.359171e-08 6.908480e-12 5.442432e-12 2.161140e-55  5.350981e-24 3.109568e-239
   85    1      1      0    0  25.0 0.3145527 0.16087507 0.243589280 0.20120722 0.0232911518 1.295235e-02 1.384673e-02 6.752307e-03 1.410606e-04 4.353521e-05 1.550554e-02  7.222646e-03 1.272847e-14 2.041087e-05  1.396808e-09 2.637340e-21 1.131960e-37 6.129701e-28 5.414342e-15  1.311926e-15 3.970985e-109
   86    1      1      0    0  25.0 0.3340433 0.28143460 0.136263890 0.09912266 0.0768959083 8.630509e-03 4.581725e-02 1.599100e-02 9.518494e-06 1.364222e-08 1.674542e-03  2.551659e-17 1.167977e-04 2.822087e-08  4.951889e-42 3.339477e-10 5.521831e-24 2.299866e-27 1.157912e-29  2.870826e-25  0.000000e+00
   87    1      1      0    0  25.0 0.1258719 0.32039488 0.121171444 0.05447959 0.0476685387 2.752363e-01 4.804807e-02 1.037472e-03 2.751816e-03 2.945024e-08 3.034487e-06  4.243875e-04 9.779097e-19 2.910089e-03  7.444219e-37 2.399768e-08 1.177029e-06 1.249837e-06 1.332108e-37  8.303596e-59  0.000000e+00
   88    1      1      0    0  25.0 0.3315124 0.32570820 0.219571617 0.03630544 0.0429030911 7.574093e-03 1.400494e-02 5.134925e-03 2.184655e-03 8.093229e-03 6.375576e-03  4.591534e-11 1.444448e-06 1.163326e-12  4.107557e-04 2.195973e-04 1.419280e-33 4.771395e-25 1.017549e-15  2.046886e-56  0.000000e+00
   89    1      1      0    0  25.0 0.2920116 0.27593449 0.217941153 0.13859455 0.0209481602 1.362004e-02 2.184186e-04 3.239761e-02 6.947493e-04 9.584104e-05 1.061467e-04  1.259731e-04 4.313182e-18 4.732272e-04  1.754693e-15 1.240513e-15 1.683497e-17 9.503991e-13 6.838008e-03  1.050912e-52  0.000000e+00
   90    1      1      0    0  25.0 0.2185953 0.26798318 0.120443377 0.25551571 0.0461786848 1.428741e-03 3.853405e-02 3.421153e-02 6.292523e-04 2.847263e-03 8.438618e-03  3.749116e-03 6.569530e-10 1.414865e-03  2.298056e-16 1.537235e-35 1.121361e-08 3.029317e-05 4.323343e-11  4.486998e-27  0.000000e+00
   91    1      1      0    0  25.0 0.2154489 0.38787475 0.122106525 0.15555214 0.0083501522 6.056116e-02 2.468990e-02 1.756789e-03 1.679595e-05 2.279004e-03 2.017125e-05  1.223184e-05 1.731274e-02 3.971267e-03  4.015586e-13 1.054435e-29 1.094289e-35 4.750367e-05 5.147892e-09  1.186609e-08  0.000000e+00
   92    1      1      0    0  25.0 0.2297454 0.29312455 0.202125936 0.10685870 0.0513580594 8.247035e-04 7.924006e-03 1.008891e-01 1.588059e-05 1.305053e-06 7.127924e-03  2.651623e-06 3.313841e-10 1.055552e-07  1.624873e-06 4.482240e-13 7.900264e-25 1.369745e-08 1.168535e-63  0.000000e+00  0.000000e+00
   93    1      1      0    0  25.0 0.3199447 0.17371607 0.264831427 0.09251222 0.0408544402 8.334907e-03 1.892878e-02 2.293764e-04 1.445407e-02 4.388237e-03 1.713849e-03  2.798063e-03 5.156508e-05 4.258121e-07  5.722319e-02 7.852129e-29 8.267790e-14 1.870630e-05 5.971725e-54  5.136692e-39  0.000000e+00
   94    1      1      0    0  25.0 0.2672565 0.41579208 0.095682910 0.09470308 0.0644901143 4.476809e-02 7.756875e-03 9.925328e-04 1.672902e-05 1.051285e-06 7.937544e-03  1.021636e-04 1.112177e-06 3.404828e-06  4.912875e-04 7.793539e-31 4.575126e-06 3.845779e-16 7.004001e-14  2.813984e-21  0.000000e+00
   95    1      1      0    0  25.0 0.1665190 0.30772383 0.274609622 0.08974368 0.0461898479 6.089359e-03 7.851978e-03 1.256984e-03 4.166624e-02 2.346836e-03 1.048163e-02  4.250078e-02 3.020095e-03 8.317464e-14  5.380734e-30 6.623819e-13 2.847301e-18 1.969388e-21 9.673125e-08  3.401686e-20  0.000000e+00
   96    1      1      0    0  25.0 0.1444742 0.22724984 0.131102836 0.31489576 0.0172526392 1.167876e-01 5.845804e-03 4.158085e-02 5.354774e-04 1.902393e-07 2.076647e-06  3.653371e-12 9.587692e-10 2.726715e-04  8.527905e-15 3.339223e-37 9.080468e-09 8.736283e-31 5.752489e-65  1.016853e-71  0.000000e+00
   97    1      1      0    0  25.0 0.2041466 0.33067759 0.209448557 0.13545453 0.0215510043 7.257219e-02 1.823262e-02 6.588552e-03 2.387559e-05 1.251727e-03 1.072672e-05  3.490169e-05 2.541575e-08 1.874340e-10  2.512441e-21 2.344781e-24 1.032499e-10 3.875312e-23 5.225293e-26  7.054819e-06  0.000000e+00
   98    1      1      0    0  25.0 0.4389466 0.26781990 0.093535649 0.14655866 0.0242790282 1.638591e-02 1.960957e-05 1.132397e-04 3.307102e-03 1.075150e-03 9.708223e-04  2.156230e-10 2.523828e-03 4.447972e-03  6.182710e-12 3.913120e-45 1.743533e-10 3.409760e-86 2.233066e-32  1.649593e-05 1.019881e-307
   99    1      1      0    0  25.0 0.3876635 0.25420875 0.091399418 0.14149859 0.0385019782 1.752676e-03 4.652662e-03 7.770770e-02 1.784606e-05 9.024449e-05 2.222428e-03  1.605676e-06 4.587041e-14 1.926536e-09  2.186845e-30 2.825904e-04 7.086044e-33 2.074078e-30 1.106411e-50  1.779449e-34  0.000000e+00
  100    1      1      0    0  25.0 0.4362366 0.36517329 0.042345096 0.09692006 0.0180669058 1.038705e-02 8.345080e-06 2.679019e-07 2.162148e-11 1.953917e-04 1.894307e-18  2.507464e-35 2.301224e-02 1.788922e-13  2.315518e-19 8.662086e-11 7.654796e-03 5.549797e-50 4.426330e-42 4.125928e-116  0.000000e+00
   88    1      2      0    0 100.0 0.3100000 0.24000000 0.210000000 0.10000000 0.0600000000 3.000000e-02 2.000000e-02 0.000000e+00 1.000000e-02 1.000000e-02 0.000000e+00  0.000000e+00 0.000000e+00 0.000000e+00  0.000000e+00 0.000000e+00 0.000000e+00 0.000000e+00 1.000000e-02  0.000000e+00  0.000000e+00
   90    1      2      0    0 100.0 0.3200000 0.29000000 0.180000000 0.09000000 0.0400000000 1.000000e-02 2.000000e-02 2.000000e-02 1.000000e-02 0.000000e+00 0.000000e+00  0.000000e+00 1.000000e-02 0.000000e+00  0.000000e+00 0.000000e+00 0.000000e+00 0.000000e+00 1.000000e-02  0.000000e+00  0.000000e+00
   92    1      2      0    0 100.0 0.3100000 0.42000000 0.130000000 0.07000000 0.0200000000 2.000000e-02 1.000000e-02 0.000000e+00 0.000000e+00 0.000000e+00 0.000000e+00  0.000000e+00 1.000000e-02 0.000000e+00  0.000000e+00 0.000000e+00 0.000000e+00 0.000000e+00 1.000000e-02  0.000000e+00  0.000000e+00
   94    1      2      0    0 100.0 0.3100000 0.29000000 0.160000000 0.07000000 0.0700000000 8.000000e-02 0.000000e+00 0.000000e+00 0.000000e+00 1.000000e-02 0.000000e+00  0.000000e+00 0.000000e+00 0.000000e+00  0.000000e+00 0.000000e+00 0.000000e+00 0.000000e+00 1.000000e-02  0.000000e+00  0.000000e+00
   96    1      2      0    0 100.0 0.3700000 0.22000000 0.200000000 0.14000000 0.0400000000 1.000000e-02 0.000000e+00 2.000000e-02 0.000000e+00 0.000000e+00 0.000000e+00  0.000000e+00 0.000000e+00 0.000000e+00  0.000000e+00 0.000000e+00 0.000000e+00 0.000000e+00 0.000000e+00  0.000000e+00  0.000000e+00
   98    1      2      0    0 100.0 0.2600000 0.25000000 0.220000000 0.14000000 0.0700000000 4.000000e-02 0.000000e+00 1.000000e-02 1.000000e-02 0.000000e+00 0.000000e+00  0.000000e+00 0.000000e+00 0.000000e+00  0.000000e+00 0.000000e+00 0.000000e+00 0.000000e+00 0.000000e+00  0.000000e+00  0.000000e+00
  100    1      2      0    0 100.0 0.4300000 0.27000000 0.100000000 0.10000000 0.0200000000 1.000000e-02 2.000000e-02 1.000000e-02 2.000000e-02 0.000000e+00 1.000000e-02  0.000000e+00 0.000000e+00 0.000000e+00  0.000000e+00 0.000000e+00 0.000000e+00 0.000000e+00 1.000000e-02  0.000000e+00  0.000000e+00
25 #_N_agebins
#_agebin_vector
1 2 3 4 5 6 7 8 9 10 11 12 13 14 15 16 17 18 19 20 21 22 23 24 25
1 #_N_ageerror_definitions
 #_age0   age1   age2   age3   age4   age5   age6   age7   age8   age9  age10  age11  age12  age13  age14  age15  age16  age17  age18  age19  age20  age21  age22  age23  age24  age25
 -1.000 -1.000 -1.000 -1.000 -1.000 -1.000 -1.000 -1.000 -1.000 -1.000 -1.000 -1.000 -1.000 -1.000 -1.000 -1.000 -1.000 -1.000 -1.000 -1.000 -1.000 -1.000 -1.000 -1.000 -1.000 -1.000
  0.001  0.001  0.001  0.001  0.001  0.001  0.001  0.001  0.001  0.001  0.001  0.001  0.001  0.001  0.001  0.001  0.001  0.001  0.001  0.001  0.001  0.001  0.001  0.001  0.001  0.001
29 #_N_agecomp
1 #_Lbin_method: 1=poplenbins; 2=datalenbins; 3=lengths
0 #_combine males into females at or below this bin number
 #_Yr Seas FltSvy Gender Part Ageerr Lbin_lo Lbin_hi Nsamp           a1         a2         a3          a4         a5           a6           a7           a8           a9          a10          a11          a12          a13          a14           a15           a16           a17           a18           a19           a20           a21           a22           a23           a24           a25
   26    1      1      0    0      1      -1      -1   5.0 3.240115e-01 0.24638974 0.08523166 0.018336328 0.01083528 0.0097837526 0.0543599032 1.633537e-01 4.964276e-02 2.104635e-03 1.037711e-02 6.803626e-09 3.448136e-03 2.210469e-02  4.360516e-29  3.509279e-09  1.773537e-05  2.047292e-28  2.304789e-10  3.030691e-06  6.626723e-78  4.136767e-10  3.055833e-27 7.424899e-173  1.392615e-10
   36    1      1      0    0      1      -1      -1   5.0 5.903561e-06 0.13517986 0.45088190 0.066612227 0.29372896 0.0529032539 0.0004303364 2.600104e-11 2.547393e-04 6.562329e-14 2.817457e-06 9.293706e-31 1.420127e-95 3.699561e-16  1.169089e-13  5.993447e-29  4.329799e-80 2.381346e-163 9.818901e-102  8.247792e-49  0.000000e+00  0.000000e+00  2.115212e-25  0.000000e+00 1.871943e-128
   46    1      1      0    0      1      -1      -1   7.5 2.819784e-01 0.05635134 0.17401324 0.004778245 0.36400379 0.0003524279 0.0621528433 3.389989e-07 1.428768e-08 5.430289e-02 4.280459e-04 7.952450e-05 1.558210e-03 4.660520e-18  6.976333e-14  6.900866e-07  3.495551e-10  1.644853e-22  3.765347e-50  0.000000e+00  0.000000e+00  0.000000e+00  0.000000e+00 3.364725e-265 5.254369e-227
   51    1      1      0    0      1      -1      -1  10.0 1.109935e-04 0.19361102 0.17055699 0.362442807 0.06858039 0.0083134619 0.0052743462 1.310225e-01 1.112717e-02 2.776662e-02 2.335384e-03 1.885780e-02 5.166352e-07 3.021974e-11  1.549184e-14  1.346722e-24  2.867878e-53  1.712884e-21  3.911367e-77  0.000000e+00  0.000000e+00 1.641166e-267  0.000000e+00  4.449634e-67  0.000000e+00
   56    1      1      0    0      1      -1      -1  12.5 2.897900e-02 0.21495276 0.21819658 0.156518206 0.21508741 0.0060674180 0.0488375360 1.416724e-02 7.171096e-02 5.612494e-04 2.388692e-02 1.024070e-03 6.036045e-25 3.388420e-19  2.161486e-26  1.557003e-30  1.536570e-53  1.065660e-05  0.000000e+00  0.000000e+00 1.505021e-229  0.000000e+00  0.000000e+00  0.000000e+00  0.000000e+00
   61    1      1      0    0      1      -1      -1  15.0 5.068465e-02 0.12604112 0.44130143 0.196000190 0.06485941 0.0219753772 0.0097363920 8.885722e-02 5.983702e-06 4.110138e-08 3.056516e-04 2.281836e-36 1.048701e-05 2.220446e-04 9.145855e-117  4.360189e-74  2.023993e-62  0.000000e+00 1.122679e-156 1.841772e-255  0.000000e+00  0.000000e+00  0.000000e+00  0.000000e+00  0.000000e+00
   66    1      1      0    0      1      -1      -1  17.5 9.469148e-03 0.16119282 0.44965768 0.104437226 0.02925404 0.0390421971 0.0018351026 1.014586e-01 1.019271e-01 1.574366e-03 1.214725e-06 1.904266e-06 3.065737e-10 4.215122e-17  4.836320e-68  1.888871e-34  1.485673e-04  0.000000e+00  8.703062e-25  0.000000e+00  0.000000e+00  0.000000e+00  0.000000e+00  0.000000e+00  0.000000e+00
   71    1      1      0    0      1      -1      -1  20.0 8.531407e-03 0.08661839 0.42706515 0.313896629 0.06169934 0.0403317693 0.0145337844 4.019328e-03 3.740397e-02 1.602052e-03 1.816310e-04 4.805240e-28 6.099390e-21 6.865388e-20  1.209255e-38  4.116542e-03 1.221032e-116  0.000000e+00  0.000000e+00  0.000000e+00 9.021639e-321 5.289193e-303  0.000000e+00  0.000000e+00  0.000000e+00
   76    1      1      0    0      1      -1      -1  22.5 2.581423e-02 0.44047982 0.31715129 0.046462183 0.05615380 0.0059005254 0.0175140320 6.189114e-02 2.851976e-03 2.576526e-02 4.563493e-13 4.339155e-15 1.098683e-07 1.563481e-05  2.280586e-17  0.000000e+00  0.000000e+00  4.672228e-79  0.000000e+00 7.317870e-124  0.000000e+00  0.000000e+00  0.000000e+00  0.000000e+00  0.000000e+00
   81    1      1      0    0      1      -1      -1  25.0 4.165674e-03 0.31368295 0.29270387 0.058506794 0.19789442 0.0649704082 0.0637998562 4.878990e-05 2.061577e-03 2.165622e-03 3.630903e-08 3.239450e-10 8.932680e-11 1.046213e-11  1.136058e-23  7.291308e-16 8.301088e-161  2.826981e-82  7.511705e-34  0.000000e+00 4.379200e-287 1.932480e-231  0.000000e+00  0.000000e+00  0.000000e+00
   82    1      1      0    0      1      -1      -1  25.0 2.157286e-02 0.19388558 0.26927585 0.404720145 0.04521734 0.0089891051 0.0153554829 1.010477e-02 3.746820e-05 5.655606e-03 8.298541e-03 4.045973e-03 5.745390e-03 7.095889e-03  4.159302e-16  2.879832e-19 9.079799e-120  1.724018e-50  0.000000e+00 2.352748e-248  7.420739e-36 1.521719e-121  0.000000e+00  0.000000e+00  0.000000e+00
   83    1      1      0    0      1      -1      -1  25.0 1.587938e-03 0.48470317 0.25512276 0.150746353 0.04391983 0.0033403869 0.0016411949 1.497958e-02 1.138769e-02 3.251335e-02 4.617165e-08 5.769553e-05 1.540297e-15 1.527420e-14  4.032917e-14  7.985962e-80 3.608071e-145  2.266037e-23  4.321791e-26  5.004427e-09  7.246217e-21 4.343456e-122  0.000000e+00  0.000000e+00  0.000000e+00
   84    1      1      0    0      1      -1      -1  25.0 6.934013e-03 0.05146587 0.38753571 0.100695048 0.12707295 0.1289098503 0.0033400985 7.172275e-02 2.160509e-03 2.687800e-02 6.205703e-02 3.054105e-02 6.871142e-04 5.453886e-17  1.613881e-30  1.597868e-70  2.324735e-69  3.730199e-37 1.141403e-196  3.973188e-86  0.000000e+00 8.188116e-141  0.000000e+00  0.000000e+00  0.000000e+00
   85    1      1      0    0      1      -1      -1  25.0 1.287304e-01 0.19833772 0.28802498 0.138909584 0.10196098 0.0398704444 0.0308439514 2.799918e-02 1.330475e-02 4.371882e-08 3.201794e-02 7.184766e-14 1.725010e-15 1.771670e-12  3.998843e-23  4.367620e-65  8.027348e-20  0.000000e+00  4.833398e-92  0.000000e+00  0.000000e+00  0.000000e+00  2.477100e-12  0.000000e+00  0.000000e+00
   86    1      1      0    0      1      -1      -1  25.0 2.775944e-02 0.27479927 0.12266411 0.289089601 0.18312162 0.0455372670 0.0017439613 5.372331e-02 9.786931e-09 1.940978e-08 4.965438e-04 9.942030e-04 2.195670e-08 1.255578e-05  7.824266e-09  1.103632e-40  5.805975e-05  1.281295e-48  0.000000e+00 1.851659e-198  0.000000e+00  0.000000e+00  0.000000e+00  0.000000e+00  0.000000e+00
   87    1      1      0    0      1      -1      -1  25.0 5.061904e-02 0.12232029 0.57384558 0.096339519 0.02572218 0.0826052253 0.0214876502 1.607609e-04 8.048588e-06 9.647419e-07 2.854172e-03 4.201353e-03 1.957405e-03 7.676690e-11  1.787782e-02  2.965579e-10  0.000000e+00  3.211042e-53  4.866733e-19  0.000000e+00  0.000000e+00  0.000000e+00  0.000000e+00  0.000000e+00  0.000000e+00
   88    1      1      0    0      1      -1      -1  25.0 5.825053e-02 0.30331286 0.14031041 0.290098667 0.06429874 0.0203241638 0.1181814608 9.797305e-04 2.007775e-03 9.868858e-04 5.874951e-05 1.940133e-16 1.190023e-03 4.208270e-13  1.471963e-16 3.231472e-205  3.032424e-21 7.011042e-198 2.867152e-127 6.905770e-166 5.482530e-294 1.175107e-143  0.000000e+00 1.355943e-242  0.000000e+00
   89    1      1      0    0      1      -1      -1  25.0 2.305628e-02 0.26995585 0.49529290 0.029816829 0.05185505 0.0732073100 0.0038623043 5.011719e-02 4.788805e-04 3.338843e-06 9.315688e-06 2.172134e-32 5.464669e-04 1.798302e-03  3.356899e-30  3.477506e-23 7.650625e-111  1.253912e-47  8.556842e-70 1.368601e-223  0.000000e+00  0.000000e+00  0.000000e+00  0.000000e+00  0.000000e+00
   90    1      1      0    0      1      -1      -1  25.0 1.322917e-02 0.43654987 0.24507148 0.236540780 0.03977433 0.0233303585 0.0010276501 2.025390e-03 9.686687e-04 1.293662e-03 1.258716e-08 3.136036e-06 7.515333e-11 8.407287e-10  8.710443e-34  4.525636e-06  1.809773e-04  2.316494e-82  3.746706e-59  1.292251e-24  0.000000e+00 1.479646e-130 1.857028e-162  0.000000e+00  0.000000e+00
   91    1      1      0    0      1      -1      -1  25.0 5.054714e-05 0.40818035 0.13202734 0.289892994 0.03502616 0.0089190645 0.0065521665 1.193364e-01 3.616044e-06 1.100550e-05 1.778706e-09 9.330583e-12 1.084947e-15 3.561658e-07  3.145230e-18  8.176625e-35  1.450864e-36  3.028887e-72  6.908627e-57  4.292048e-61 1.903446e-135 1.253307e-143 3.744666e-146  0.000000e+00  0.000000e+00
   92    1      1      0    0      1      -1      -1  25.0 2.901366e-02 0.14312697 0.55811238 0.156218981 0.05315481 0.0054579584 0.0021177591 5.206993e-02 4.528559e-04 2.623656e-04 2.611062e-14 1.956388e-10 5.991158e-14 6.372760e-30  2.157683e-40  1.232245e-05  4.654079e-39 3.950512e-128  6.681379e-33 1.695504e-278  0.000000e+00  1.969357e-66  1.160531e-78  0.000000e+00  0.000000e+00
   93    1      1      0    0      1      -1      -1  25.0 5.727819e-02 0.12889338 0.09732718 0.422019264 0.12968066 0.0487062267 0.0593624029 3.383415e-02 1.134977e-02 1.154876e-02 1.487968e-09 9.264657e-14 1.573423e-09 4.080692e-27  1.553376e-34  5.632760e-23  5.884531e-74  3.181339e-22 1.410624e-101 5.147643e-141 5.827972e-252  0.000000e+00  1.674960e-67  0.000000e+00  2.870228e-93
   94    1      1      0    0      1      -1      -1  25.0 3.344225e-02 0.10952923 0.20519000 0.054119953 0.23659439 0.0385063182 0.1511514871 4.943112e-02 8.308360e-03 9.150730e-02 8.487433e-04 2.050148e-05 2.119106e-02 7.282349e-37  1.131960e-07  1.591785e-04 3.812521e-125  7.199244e-37  1.045568e-79  3.674839e-67 5.661677e-196  0.000000e+00  0.000000e+00 6.486001e-117  0.000000e+00
   95    1      1      0    0      1      -1      -1  25.0 4.654748e-03 0.24658469 0.21970918 0.059948086 0.11656889 0.2064094021 0.0022650801 9.843954e-02 1.394799e-04 4.893274e-04 3.207915e-02 1.227497e-02 2.658013e-06 4.139580e-04  3.075084e-30  1.304626e-13 1.929123e-188  2.083872e-05  0.000000e+00  4.995195e-39  0.000000e+00  0.000000e+00  0.000000e+00  0.000000e+00  4.697716e-39
   96    1      1      0    0      1      -1      -1  25.0 6.265041e-02 0.33899869 0.12425872 0.104198711 0.14606930 0.0480973110 0.0582451311 5.132525e-02 4.687348e-02 1.215546e-02 1.596027e-08 6.882771e-03 1.596280e-06 2.426346e-04  1.110767e-12  4.587618e-23  9.834227e-24 2.213689e-190  2.524335e-71  5.321679e-07  0.000000e+00  0.000000e+00  0.000000e+00 2.492739e-250  1.816354e-18
   97    1      1      0    0      1      -1      -1  25.0 5.869314e-03 0.14318589 0.44373255 0.116641083 0.11773130 0.0861126936 0.0543084269 2.863656e-03 2.361068e-02 3.218082e-03 8.558706e-06 1.507937e-05 2.667522e-03 5.880224e-14  3.134153e-23  4.618868e-07  1.117132e-10  3.470764e-05  0.000000e+00  0.000000e+00  9.316329e-86 1.367652e-168  0.000000e+00  0.000000e+00  0.000000e+00
   98    1      1      0    0      1      -1      -1  25.0 7.230993e-02 0.08179630 0.26684994 0.380384806 0.16117315 0.0145792842 0.0186577330 1.793194e-03 2.056509e-03 3.903521e-04 5.596649e-06 1.765159e-06 7.776271e-18 1.454726e-06  4.505128e-19  1.112178e-37  4.419647e-24  0.000000e+00 8.244372e-309 8.468625e-179  0.000000e+00 6.454488e-163  0.000000e+00  0.000000e+00  0.000000e+00
   99    1      1      0    0      1      -1      -1  25.0 1.428367e-01 0.21004572 0.09025805 0.110800203 0.25575882 0.0889463982 0.0372147780 3.963170e-02 1.476263e-02 9.103715e-03 7.852631e-09 6.412304e-04 1.648439e-17 1.405486e-28  1.022510e-14  4.869843e-49  1.435649e-14  7.986484e-86 1.400392e-109 1.693151e-272 5.014307e-312  0.000000e+00  0.000000e+00  0.000000e+00  0.000000e+00
  100    1      1      0    0      1      -1      -1  25.0 6.012681e-03 0.54627466 0.15953402 0.113282678 0.03013885 0.1003825415 0.0006882358 2.387167e-02 1.427930e-03 1.827845e-05 8.619432e-03 9.521972e-03 6.103178e-36 2.227868e-11  1.349631e-23  2.270545e-04 3.761836e-174 5.175947e-130 1.079259e-231 4.319226e-174  0.000000e+00  8.978294e-61  0.000000e+00  2.051707e-72 1.182628e-120
0 #_N_MeanSize_at_Age_obs
0 #_N_environ_variables
0 #_N_environ_obs
0 #_N_sizefreq_methods
0 #_do_tags
0 #_morphcomp_data
#
999
