#C data file created using the SS_writedat function in the R package r4ss
#C should work with SS version: 
#C file write time: 2014-11-03 17:58:56
#
1 #_styr
100 #_endyr
1 #_nseas
12 #_months_per_seas
1 #_spawn_seas
1 #_Nfleet
2 #_Nsurveys
1 #_N_areas
Fishery%Survey%CPUE #_fleetnames
0.5 0.5 0.5 #_surveytiming_in_season
1 1 1 #_area_assignments_for_each_fishery_and_survey
1 #_units of catch:  1=bio; 2=num
0.01 #_se of log(catch) only used for init_eq_catch and for Fmethod 2 and 3
1 #_Ngenders
25 #_Nages
0 #_init_equil_catch_for_each_fishery
100 #_N_lines_of_catch_to_read
 #_Fishery year seas
         0    1    1
         0    2    1
         0    3    1
         0    4    1
         0    5    1
         0    6    1
         0    7    1
         0    8    1
         0    9    1
         0   10    1
         0   11    1
         0   12    1
         0   13    1
         0   14    1
         0   15    1
         0   16    1
         0   17    1
         0   18    1
         0   19    1
         0   20    1
         0   21    1
         0   22    1
         0   23    1
         0   24    1
         0   25    1
 895123000   26    1
 708528000   27    1
 559743000   28    1
 443834000   29    1
 370665000   30    1
 321121000   31    1
 278725000   32    1
 240959000   33    1
 216253000   34    1
 206125000   35    1
 189672000   36    1
 167388000   37    1
 150140000   38    1
 136823000   39    1
 123683000   40    1
 115791000   41    1
 108163000   42    1
  98278400   43    1
  87577600   44    1
  82347000   45    1
  82537100   46    1
  82739100   47    1
  80573800   48    1
  81086200   49    1
  85692600   50    1
  86135300   51    1
  85142500   52    1
  87278900   53    1
  92929300   54    1
  90286800   55    1
  82445900   56    1
  76607700   57    1
  74733700   58    1
  71586300   59    1
  66532100   60    1
  65699100   61    1
  68398800   62    1
  71009200   63    1
  76910700   64    1
  74667400   65    1
  71994500   66    1
  73422600   67    1
  75156700   68    1
  79748900   69    1
  81721400   70    1
  78515900   71    1
  74072700   72    1
  69695100   73    1
  67930700   74    1
  67894700   75    1
  70535200   76    1
  73093900   77    1
  78686100   78    1
  83916000   79    1
  79933900   80    1
  72685600   81    1
  68507300   82    1
  66503400   83    1
  65397800   84    1
  69263100   85    1
  69117000   86    1
  64591200   87    1
  59636700   88    1
  56795400   89    1
  53958700   90    1
  52320200   91    1
  56081200   92    1
  60959800   93    1
  60509100   94    1
  58607900   95    1
  56051500   96    1
  53179000   97    1
  52508800   98    1
  52719500   99    1
  54003500  100    1
7 #_N_cpue
 #_Fleet Units Errtype
       1     1       0
       2     1       0
       3     1       0
 #_year seas index       obs se_log
     88    1     2 180520958    0.2
     90    1     2 156202872    0.2
     92    1     2 208402729    0.2
     94    1     2 169388338    0.2
     96    1     2 208771864    0.2
     98    1     2 140127689    0.2
    100    1     2 168465619    0.2
0 #_N_discard_fleets
#_discard_units (1=same_as_catchunits(bio/num); 2=fraction; 3=numbers)
#_discard_errtype:  >0 for DF of T-dist(read CV below); 0 for normal with CV; -1 for normal with se; -2 for lognormal
0 #_N_discard
0 #_N_meanbodywt
1 #_DF_for_meanbodywt_T-distribution_like
2 # length bin method: 1=use databins; 2=generate from binwidth,min,max below; 3=read vector
1 # binwidth for population size comp
10 # minimum size in the population (lower edge of first bin and size at age 0.00)
200 # maximum size in the population (lower edge of last bin)
-0.001 #_comp_tail_compression
1e-05 #_add_to_comp
-1 #_combine males into females at or below this bin number
21 #_N_lbins
#_lbin_vector
10 53 70 83 94 101 107 111 114 117 120 123 125 127 130 132 135 138 142 148 200
36 #_N_Length_comp_observations
 #_Yr Seas FltSvy Gender Part Nsamp         l10       l53        l70         l83          l94         l101         l107         l111         l114         l117         l120         l123         l125         l127          l130         l132          l135          l138          l142          l148          l200
   26    1      1      0    0   5.0 0.004148258 0.5036575 0.12561572 0.004959530 1.600781e-01 0.0843113963 1.714294e-08 9.339199e-02 9.394253e-03 6.302347e-04 1.177284e-04 7.955801e-19 2.299659e-07 9.043404e-04  4.011998e-25 3.775483e-32  8.527544e-14  1.279073e-02  3.045918e-11  1.026552e-38  0.000000e+00
   36    1      1      0    0   5.0 0.101359618 0.3436953 0.14740083 0.283069412 1.240478e-01 0.0002835961 8.786374e-08 3.629500e-16 2.744725e-09 1.199337e-38 1.901505e-15 1.159194e-13 1.406719e-04 1.999965e-10  2.862071e-39 2.094821e-14 1.709366e-261 1.409753e-194  1.485370e-06  1.170650e-06  0.000000e+00
   46    1      1      0    0   7.5 0.510486150 0.1073596 0.04275574 0.194256528 2.656925e-06 0.1424914018 1.061533e-03 9.280900e-08 2.200811e-05 1.325607e-13 1.564286e-03 8.694209e-21 9.183710e-11 4.192889e-34  7.746230e-68 3.382921e-27  3.460415e-30  6.658893e-48  2.497556e-74  8.821521e-42  0.000000e+00
   51    1      1      0    0  10.0 0.269956575 0.5938777 0.11339907 0.009754414 1.343064e-04 0.0128325663 4.490404e-05 2.200094e-16 9.708175e-14 3.529880e-12 1.395159e-19 4.441001e-07 5.661723e-44 1.401175e-61 1.931634e-133 1.593768e-18  1.385864e-71 3.278105e-216 1.217741e-177 2.864797e-144  0.000000e+00
   56    1      1      0    0  12.5 0.142157806 0.3226563 0.21802525 0.256892652 2.699824e-02 0.0025297826 3.455969e-03 5.609701e-03 1.041694e-03 7.469155e-13 3.787368e-06 2.106187e-15 2.934318e-10 8.073722e-18  5.213685e-32 2.164787e-60  7.506449e-67  3.526704e-16  2.062880e-02  8.101832e-14  0.000000e+00
   61    1      1      0    0  15.0 0.321990811 0.2308272 0.10581437 0.199046337 1.046841e-01 0.0214452656 1.105202e-02 1.207966e-06 1.004288e-33 5.138693e-03 2.842852e-16 1.015236e-15 5.025842e-22 1.015832e-10  7.475487e-50 3.205213e-53  2.110772e-63  4.045367e-52 3.979497e-101  2.487260e-67  0.000000e+00
   66    1      1      0    0  17.5 0.268350585 0.3126891 0.17158130 0.048483747 1.842234e-01 0.0136166198 2.675915e-06 1.743237e-06 1.872021e-10 5.764711e-06 6.417285e-04 1.787467e-18 4.032903e-04 5.082892e-23  2.245551e-83 3.461082e-08  3.894717e-36  2.078660e-89  1.403251e-96 2.233611e-117  0.000000e+00
   71    1      1      0    0  20.0 0.168792446 0.2321933 0.24243773 0.170652594 1.173057e-02 0.0631529912 6.800436e-03 1.040917e-01 1.170110e-04 3.992340e-07 4.105689e-10 8.006539e-08 1.721570e-13 2.977963e-05  9.714157e-07 1.182743e-10  7.653626e-63  3.992380e-26  3.313306e-52 2.769383e-165  0.000000e+00
   76    1      1      0    0  22.5 0.262485092 0.2506817 0.30014710 0.087433498 7.041381e-03 0.0028570295 1.578138e-04 8.339248e-02 2.148957e-08 5.357746e-07 1.449782e-07 1.071882e-04 4.734726e-03 3.636438e-16  6.688242e-21 9.613330e-04  2.861235e-45  1.007681e-39  1.576901e-35 4.691797e-168  0.000000e+00
   81    1      1      0    0  25.0 0.304193510 0.2103917 0.13519005 0.058801439 2.001816e-01 0.0326625818 1.407131e-02 1.312279e-04 2.550988e-05 1.274932e-02 4.486535e-08 1.395937e-08 2.433562e-10 1.736743e-07  4.083326e-04 9.371326e-08  4.721506e-06  1.121899e-10  3.118833e-02  1.277343e-28  0.000000e+00
   82    1      1      0    0  25.0 0.458940507 0.2162420 0.05092174 0.053317399 9.163831e-02 0.0451838322 2.403589e-02 4.326064e-02 1.001212e-02 1.358237e-05 7.458139e-04 8.895726e-07 2.023859e-31 1.070146e-21  9.717620e-40 4.086196e-28  5.687143e-03  6.285571e-14  9.153011e-08  3.860615e-09  0.000000e+00
   83    1      1      0    0  25.0 0.152160070 0.3667374 0.20801620 0.061217779 7.246790e-02 0.0673772213 2.393344e-02 3.446766e-05 3.801826e-08 7.172842e-07 4.079367e-02 2.026869e-09 9.409994e-09 4.709769e-11  8.928532e-26 3.913750e-07  2.030027e-09  9.113330e-25  7.252075e-03  8.588029e-06 5.393791e-281
   84    1      1      0    0  25.0 0.442883456 0.2384625 0.15763162 0.114353566 1.643638e-02 0.0268395219 2.085024e-05 1.676404e-03 5.965407e-10 2.736013e-04 8.225362e-04 1.307352e-08 5.383210e-04 5.033020e-10  2.150888e-47 6.127040e-05  1.388402e-12  6.297568e-12  2.191581e-48  4.395460e-73  0.000000e+00
   85    1      1      0    0  25.0 0.306287473 0.3744137 0.03760327 0.106038244 1.463642e-01 0.0014593651 6.488374e-03 1.315495e-02 2.984681e-06 2.430188e-03 1.224636e-08 5.660703e-03 5.399897e-07 1.912085e-11  5.046833e-09 1.214045e-12  9.597526e-05  1.226460e-41  3.493767e-17  2.422228e-82  0.000000e+00
   86    1      1      0    0  25.0 0.195469900 0.3804741 0.15915970 0.227130669 1.506839e-03 0.0028107814 1.543421e-05 4.510647e-03 1.681259e-08 2.009934e-02 2.649718e-11 7.281327e-03 4.264215e-08 2.449553e-04  1.295889e-03 3.249464e-07  2.641601e-13  1.702523e-23  2.273615e-46 6.559600e-142  0.000000e+00
   87    1      1      0    0  25.0 0.264142546 0.1446869 0.29882039 0.204916854 5.923141e-02 0.0177691682 2.566377e-04 6.836389e-05 4.878249e-03 1.169473e-05 4.863514e-03 1.082867e-14 3.542609e-04 1.097206e-15  3.484846e-54 6.924615e-09  8.409692e-39  2.056486e-52  3.123862e-44  1.982797e-13  0.000000e+00
   88    1      1      0    0  25.0 0.292478844 0.1858598 0.21756289 0.085143363 1.804521e-01 0.0009181654 2.549902e-02 1.502939e-05 2.608269e-06 2.263218e-05 1.428046e-03 1.019777e-15 6.145809e-10 4.976420e-04  3.752335e-03 6.177893e-03  1.334601e-04  5.302961e-05  2.812927e-06  3.050015e-07 6.918299e-182
   89    1      1      0    0  25.0 0.393705127 0.2580575 0.17257176 0.050613326 7.815038e-02 0.0255142534 1.341712e-02 7.122326e-03 4.040386e-08 4.222194e-07 1.147101e-06 1.091552e-04 7.693325e-27 1.275937e-08  1.736669e-19 7.374045e-04  2.122685e-20  9.405302e-16  1.908158e-50  1.349877e-19  0.000000e+00
   90    1      1      0    0  25.0 0.155091580 0.4068820 0.19723245 0.093912218 1.033859e-01 0.0030975391 6.609390e-03 1.375693e-02 1.789034e-02 2.144165e-05 3.127068e-06 2.411225e-12 4.853514e-05 2.068070e-03  4.229112e-07 2.144410e-09  9.492288e-10  2.449992e-46  1.902518e-30  1.393410e-24  0.000000e+00
   91    1      1      0    0  25.0 0.326482322 0.3072306 0.22458344 0.109509930 9.067793e-03 0.0114983930 6.184817e-03 1.034544e-03 2.781733e-04 7.067349e-05 1.398110e-11 1.105122e-07 2.478512e-09 6.832597e-25  4.288665e-11 3.352677e-04  3.723892e-03  2.934192e-08  2.779028e-12  8.367930e-52  0.000000e+00
   92    1      1      0    0  25.0 0.441293061 0.2667909 0.10132548 0.041730902 2.576431e-02 0.0068850259 6.394105e-02 5.889138e-06 1.496491e-02 3.341286e-09 7.776568e-11 3.415447e-14 1.020315e-05 3.704403e-02  8.068994e-17 2.599851e-08  3.868355e-10  2.441745e-04  4.659983e-25  2.432869e-26  0.000000e+00
   93    1      1      0    0  25.0 0.155919507 0.2893171 0.35301296 0.076100374 5.911181e-03 0.0129587115 5.848841e-02 1.996260e-03 4.174369e-02 4.251245e-09 4.396760e-03 4.020677e-06 1.071532e-04 4.390516e-05  6.598880e-27 3.469311e-33  3.727646e-39  1.356371e-66  4.743314e-38 3.934000e-177  0.000000e+00
   94    1      1      0    0  25.0 0.275458631 0.3784096 0.08975037 0.174322854 3.344761e-02 0.0353476929 4.127112e-07 1.319413e-02 8.324084e-08 2.097195e-07 1.573937e-05 1.991836e-13 8.030601e-07 3.660436e-09  1.457929e-14 1.337874e-23  5.191234e-05  1.509293e-35  1.312335e-09  2.858229e-62 5.127319e-147
   95    1      1      0    0  25.0 0.105848977 0.4557549 0.18663346 0.059729556 8.150101e-02 0.1066378436 2.268966e-05 1.269398e-04 2.382311e-06 8.103972e-06 3.137652e-03 1.380507e-07 5.891722e-06 7.702555e-20  5.283818e-04 3.665197e-30  1.336110e-09  6.205550e-05  5.200544e-37  1.852208e-60  0.000000e+00
   96    1      1      0    0  25.0 0.278668484 0.1985105 0.21313619 0.135868857 2.979065e-02 0.0087630737 1.698312e-02 1.139452e-04 7.012646e-03 7.680451e-03 2.607539e-10 1.048168e-07 1.059640e-24 7.702472e-02  1.488547e-17 2.644324e-02  4.040768e-06  2.036840e-29  1.574411e-15  5.743887e-33  0.000000e+00
   97    1      1      0    0  25.0 0.352049812 0.1921021 0.22035194 0.081075742 6.012451e-02 0.0114694832 4.158418e-02 6.055883e-03 3.030788e-11 2.323964e-04 5.380050e-09 1.967468e-16 2.501214e-03 3.244585e-02  4.217812e-10 6.870606e-06  1.494031e-27  4.998676e-08  1.110968e-45 2.411547e-156  0.000000e+00
   98    1      1      0    0  25.0 0.173590835 0.3574999 0.34663115 0.063266555 3.712546e-02 0.0054033344 1.292983e-03 5.654526e-03 6.352195e-08 8.742646e-03 7.925070e-04 3.700661e-08 3.254898e-20 5.478312e-30  3.157673e-18 6.256261e-11  1.740477e-17  3.612895e-23 5.422644e-124 3.325494e-180  0.000000e+00
   99    1      1      0    0  25.0 0.268471770 0.3669012 0.21333573 0.089113201 1.150731e-02 0.0132723328 3.396367e-02 5.394637e-05 3.314061e-04 3.024956e-03 2.417016e-05 6.391255e-08 2.111629e-07 3.298653e-20  2.663163e-08 1.320155e-22  3.439446e-17  2.674949e-28  5.129427e-62 7.070983e-295  0.000000e+00
  100    1      1      0    0  25.0 0.351106371 0.2361533 0.26908875 0.091475654 3.830300e-02 0.0003117983 7.323156e-06 6.864329e-05 7.343300e-04 6.408602e-03 3.069337e-04 3.475567e-06 5.999325e-04 1.253666e-08  4.363339e-13 2.033351e-49  6.843887e-29  5.431857e-03  9.810256e-23 1.185977e-183  0.000000e+00
   88    1      2      0    0 100.0 0.310000000 0.1800000 0.16000000 0.150000000 9.000000e-02 0.0500000000 2.000000e-02 1.000000e-02 0.000000e+00 0.000000e+00 1.000000e-02 1.000000e-02 0.000000e+00 1.000000e-02  0.000000e+00 0.000000e+00  0.000000e+00  0.000000e+00  0.000000e+00  0.000000e+00  0.000000e+00
   90    1      2      0    0 100.0 0.400000000 0.2600000 0.13000000 0.080000000 3.000000e-02 0.0300000000 0.000000e+00 0.000000e+00 2.000000e-02 2.000000e-02 2.000000e-02 0.000000e+00 0.000000e+00 0.000000e+00  0.000000e+00 1.000000e-02  0.000000e+00  0.000000e+00  0.000000e+00  0.000000e+00  0.000000e+00
   92    1      2      0    0 100.0 0.420000000 0.3500000 0.10000000 0.060000000 1.000000e-02 0.0100000000 2.000000e-02 1.000000e-02 0.000000e+00 0.000000e+00 1.000000e-02 0.000000e+00 1.000000e-02 0.000000e+00  0.000000e+00 0.000000e+00  0.000000e+00  0.000000e+00  0.000000e+00  0.000000e+00  0.000000e+00
   94    1      2      0    0 100.0 0.330000000 0.3200000 0.15000000 0.100000000 3.000000e-02 0.0100000000 1.000000e-02 0.000000e+00 0.000000e+00 2.000000e-02 0.000000e+00 1.000000e-02 1.000000e-02 0.000000e+00  0.000000e+00 0.000000e+00  1.000000e-02  0.000000e+00  0.000000e+00  0.000000e+00  0.000000e+00
   96    1      2      0    0 100.0 0.310000000 0.2500000 0.17000000 0.120000000 1.000000e-01 0.0100000000 1.000000e-02 2.000000e-02 0.000000e+00 1.000000e-02 0.000000e+00 0.000000e+00 0.000000e+00 0.000000e+00  0.000000e+00 0.000000e+00  0.000000e+00  0.000000e+00  0.000000e+00  0.000000e+00  0.000000e+00
   98    1      2      0    0 100.0 0.360000000 0.3100000 0.16000000 0.080000000 2.000000e-02 0.0300000000 0.000000e+00 2.000000e-02 0.000000e+00 1.000000e-02 0.000000e+00 0.000000e+00 0.000000e+00 1.000000e-02  0.000000e+00 0.000000e+00  0.000000e+00  0.000000e+00  0.000000e+00  0.000000e+00  0.000000e+00
  100    1      2      0    0 100.0 0.390000000 0.2900000 0.16000000 0.090000000 3.000000e-02 0.0000000000 1.000000e-02 3.000000e-02 0.000000e+00 0.000000e+00 0.000000e+00 0.000000e+00 0.000000e+00 0.000000e+00  0.000000e+00 0.000000e+00  0.000000e+00  0.000000e+00  0.000000e+00  0.000000e+00  0.000000e+00
25 #_N_agebins
#_agebin_vector
1 2 3 4 5 6 7 8 9 10 11 12 13 14 15 16 17 18 19 20 21 22 23 24 25
1 #_N_ageerror_definitions
 #_age0   age1   age2   age3   age4   age5   age6   age7   age8   age9  age10  age11  age12  age13  age14  age15  age16  age17  age18  age19  age20  age21  age22  age23  age24  age25
 -1.000 -1.000 -1.000 -1.000 -1.000 -1.000 -1.000 -1.000 -1.000 -1.000 -1.000 -1.000 -1.000 -1.000 -1.000 -1.000 -1.000 -1.000 -1.000 -1.000 -1.000 -1.000 -1.000 -1.000 -1.000 -1.000
  0.001  0.001  0.001  0.001  0.001  0.001  0.001  0.001  0.001  0.001  0.001  0.001  0.001  0.001  0.001  0.001  0.001  0.001  0.001  0.001  0.001  0.001  0.001  0.001  0.001  0.001
29 #_N_agecomp
1 #_Lbin_method: 1=poplenbins; 2=datalenbins; 3=lengths
0 #_combine males into females at or below this bin number
 #_Yr Seas FltSvy Gender Part Ageerr Lbin_lo Lbin_hi Nsamp           a1          a2         a3          a4         a5           a6           a7           a8           a9          a10          a11          a12          a13          a14           a15           a16           a17           a18           a19           a20           a21           a22           a23           a24           a25
   26    1      1      0    0      1      -1      -1   5.0 2.704174e-17 0.023698582 0.28678673 0.005360151 0.11668778 6.169094e-02 6.522621e-05 8.224066e-02 6.173699e-05 4.224647e-01 1.725678e-21 4.629891e-08 4.926882e-06 8.533265e-08  1.691803e-33  8.369542e-04  2.267390e-14  8.357236e-11 5.734740e-114  7.393000e-05  2.756119e-05 3.148477e-228 1.674787e-126  5.573069e-93  3.669994e-24
   36    1      1      0    0      1      -1      -1   5.0 9.412875e-05 0.004913221 0.20002334 0.255492355 0.10920362 7.062235e-05 1.061242e-03 6.752844e-06 5.055458e-06 7.669399e-26 5.037791e-19 9.768521e-13 4.769669e-12 2.401443e-78  7.884696e-17 5.933418e-101  4.291297e-01  4.171018e-26  4.211407e-37 1.765461e-139 1.800246e-221  7.408366e-73  0.000000e+00  0.000000e+00 1.453715e-169
   46    1      1      0    0      1      -1      -1   7.5 6.699854e-12 0.091789512 0.46934806 0.097022773 0.12860388 1.492642e-01 1.580871e-04 5.758963e-04 2.901496e-09 6.241561e-03 2.937506e-24 1.237077e-08 2.949105e-05 2.555264e-19  5.696650e-02 1.348338e-146  1.684743e-62 5.467407e-132  0.000000e+00  0.000000e+00  0.000000e+00  0.000000e+00  8.651186e-66  0.000000e+00  0.000000e+00
   51    1      1      0    0      1      -1      -1  10.0 1.165478e-04 0.050995384 0.35035830 0.097227116 0.06241787 6.250389e-03 2.179843e-01 2.804367e-02 5.582927e-07 1.810256e-01 2.202956e-71 2.601878e-06 3.417443e-15 1.581052e-17  5.109725e-03  9.045827e-82 4.813812e-109  4.679555e-04 2.487097e-123 1.595285e-294 3.221090e-271  0.000000e+00  0.000000e+00  0.000000e+00  1.583141e-96
   56    1      1      0    0      1      -1      -1  12.5 2.082116e-02 0.066913751 0.09331913 0.372778499 0.14859096 4.633926e-03 4.629985e-03 8.399132e-03 2.799134e-01 2.240186e-12 2.500209e-08 1.944744e-10 8.778939e-09 1.986248e-35 2.463353e-131  8.523486e-11 6.380757e-140  2.090334e-60 3.387371e-192  0.000000e+00  0.000000e+00 2.575586e-123 1.613314e-207  6.084909e-51  0.000000e+00
   61    1      1      0    0      1      -1      -1  15.0 2.507484e-02 0.346660373 0.14203680 0.245640062 0.05931741 2.025621e-02 1.102346e-01 1.629652e-09 6.580911e-06 3.044725e-04 3.040529e-09 2.279479e-14 4.546313e-26 4.573717e-24  3.336566e-37  6.283206e-12  3.752062e-12  1.281122e-97  0.000000e+00  0.000000e+00  0.000000e+00  5.046868e-02  0.000000e+00 2.715933e-265 2.346959e-222
   66    1      1      0    0      1      -1      -1  17.5 2.623275e-03 0.457564311 0.04908515 0.100863112 0.22558547 7.104773e-02 3.964174e-02 5.211830e-02 9.925491e-05 1.371659e-03 2.664834e-15 8.275852e-11 1.183799e-42 4.010679e-34  5.160306e-22  2.666464e-36 4.030386e-122  3.833228e-09  0.000000e+00 4.769623e-281 4.100049e-229  0.000000e+00  0.000000e+00  0.000000e+00  9.174157e-34
   71    1      1      0    0      1      -1      -1  20.0 1.628629e-04 0.206324252 0.07563456 0.440418194 0.10987701 1.821186e-02 1.184434e-01 6.758212e-03 2.055389e-02 1.217958e-04 4.994403e-04 2.053717e-11 1.051290e-10 2.939947e-03  1.068265e-27  9.054693e-64 5.006118e-246 1.393298e-264  4.867311e-62  5.460388e-05  0.000000e+00  0.000000e+00  0.000000e+00  0.000000e+00  0.000000e+00
   76    1      1      0    0      1      -1      -1  22.5 6.770662e-03 0.224479862 0.53551801 0.089318900 0.08901600 9.288162e-03 1.674653e-02 1.490131e-03 1.026160e-03 1.263581e-05 1.655979e-05 2.631383e-02 2.158891e-10 4.861008e-32  4.964450e-32  2.558095e-06 1.550145e-114  0.000000e+00  0.000000e+00 8.963277e-225  0.000000e+00  0.000000e+00  0.000000e+00  0.000000e+00 6.341090e-271
   81    1      1      0    0      1      -1      -1  25.0 3.912594e-02 0.213011825 0.19054672 0.131020230 0.30782596 7.461138e-02 2.160042e-02 1.951482e-03 1.835667e-02 1.949107e-03 7.605415e-08 1.854660e-07 3.121042e-17 3.726841e-21  4.679304e-09 2.039522e-241  5.862985e-50 7.415213e-110  8.187366e-61 6.402206e-145  0.000000e+00  0.000000e+00  0.000000e+00  0.000000e+00  0.000000e+00
   82    1      1      0    0      1      -1      -1  25.0 6.856301e-03 0.348867947 0.24371924 0.118226295 0.17929847 6.178306e-02 1.942450e-02 1.141841e-02 2.220382e-03 7.687147e-03 3.503018e-16 2.887829e-06 1.779480e-13 2.053424e-81  4.953694e-04  1.833876e-14  1.366549e-26  3.233749e-80  1.804472e-74  0.000000e+00  0.000000e+00 3.072371e-227 1.482462e-105  0.000000e+00  0.000000e+00
   83    1      1      0    0      1      -1      -1  25.0 9.245053e-02 0.151799993 0.29638029 0.140131743 0.07787497 8.873050e-02 4.285962e-02 8.375700e-02 5.304819e-03 4.231015e-05 6.610442e-18 4.957575e-04 2.008775e-02 8.470783e-05  4.034904e-86  4.964999e-25  8.321483e-27  1.547716e-42  4.792614e-14  0.000000e+00 9.957608e-116  0.000000e+00  4.367764e-21  1.441952e-91  0.000000e+00
   84    1      1      0    0      1      -1      -1  25.0 3.368371e-02 0.445401998 0.10604105 0.288716777 0.01956422 5.073174e-03 4.557703e-02 2.405025e-02 6.009044e-05 2.518729e-02 6.386599e-03 9.413873e-05 1.635025e-04 8.453417e-18  1.756058e-07 2.044427e-255  2.287913e-35  1.608435e-13  4.687791e-89  0.000000e+00  0.000000e+00  0.000000e+00  0.000000e+00  0.000000e+00  0.000000e+00
   85    1      1      0    0      1      -1      -1  25.0 3.732047e-03 0.516479331 0.25100918 0.125574088 0.03413217 2.678165e-03 4.440954e-02 1.347992e-03 3.942781e-03 8.234723e-03 3.730434e-05 8.422681e-03 1.103004e-13 9.835560e-24  2.549172e-49  2.824463e-54 4.792455e-159  1.063141e-46 2.488397e-136  0.000000e+00  0.000000e+00 9.924100e-182  1.613205e-38  0.000000e+00  0.000000e+00
   86    1      1      0    0      1      -1      -1  25.0 1.288576e-02 0.378264123 0.14179465 0.254473066 0.10817326 5.506413e-02 2.231195e-02 3.459139e-03 1.088060e-02 2.525216e-03 1.902410e-05 1.996659e-04 2.822982e-28 1.138611e-09  9.949412e-03  2.498457e-13  3.382414e-96 3.017745e-299  0.000000e+00 6.135042e-111  0.000000e+00  0.000000e+00  0.000000e+00  0.000000e+00  0.000000e+00
   87    1      1      0    0      1      -1      -1  25.0 1.404628e-01 0.097794152 0.11784070 0.273583538 0.08800035 8.189931e-02 1.765711e-02 9.545858e-03 7.413044e-03 3.512153e-02 1.306618e-01 1.819113e-18 1.988377e-05 1.362370e-32  5.742507e-21  3.978362e-54  2.039513e-75  4.302227e-71 1.503012e-196  3.233141e-12 2.099377e-179  0.000000e+00  1.523291e-34  0.000000e+00  6.827831e-88
   88    1      1      0    0      1      -1      -1  25.0 4.115738e-02 0.168660764 0.30007143 0.126019653 0.08019953 1.444240e-01 1.063687e-04 2.136778e-02 4.530912e-02 1.217870e-02 1.222114e-10 3.982005e-02 7.192774e-06 3.326714e-03  7.127853e-33 4.319945e-154  2.847895e-99 7.433513e-134  0.000000e+00  1.735130e-02 3.448606e-173  0.000000e+00  0.000000e+00  0.000000e+00  0.000000e+00
   89    1      1      0    0      1      -1      -1  25.0 4.614721e-03 0.312948395 0.36440481 0.117609538 0.06541813 9.867803e-02 2.091501e-02 2.604243e-03 1.254196e-02 1.983998e-04 1.742508e-13 1.406339e-10 6.676459e-05 7.074340e-13  3.647605e-13  1.254403e-40  1.714022e-43 5.298374e-122  0.000000e+00  2.309093e-39  0.000000e+00 3.191027e-258  0.000000e+00 5.527235e-130  0.000000e+00
   90    1      1      0    0      1      -1      -1  25.0 7.428570e-02 0.272246964 0.30165642 0.122484897 0.01971455 3.798149e-03 5.439285e-02 1.318145e-02 1.347239e-01 5.263486e-04 3.397362e-08 1.557917e-13 2.039606e-06 2.986682e-03  9.656427e-64  2.114993e-09  1.022132e-67  1.119763e-91 1.129592e-272 1.531604e-322  0.000000e+00  0.000000e+00  0.000000e+00 1.663927e-281  0.000000e+00
   91    1      1      0    0      1      -1      -1  25.0 1.004091e-01 0.155323461 0.18233079 0.287237660 0.19448410 4.563134e-02 1.455489e-02 1.628909e-02 3.437407e-03 1.944890e-07 1.684560e-09 1.072798e-04 1.946506e-04 1.040657e-34  4.784879e-10  8.472966e-25 1.775057e-199  1.093717e-47  8.180373e-93 7.794436e-130  0.000000e+00 4.292379e-119  0.000000e+00  0.000000e+00 4.076962e-216
   92    1      1      0    0      1      -1      -1  25.0 1.801963e-02 0.357595453 0.32061869 0.202940613 0.03187702 1.458122e-02 6.120105e-03 4.359235e-02 5.445286e-04 3.915852e-03 5.260134e-07 1.940082e-04 4.089788e-50 1.264769e-19  1.415478e-18  1.764229e-09  4.047590e-26  4.620938e-11 1.124817e-102  0.000000e+00 1.401547e-270  3.808376e-97  0.000000e+00  0.000000e+00 9.439151e-135
   93    1      1      0    0      1      -1      -1  25.0 3.127968e-06 0.175057100 0.47105059 0.121788436 0.17098810 1.819295e-02 3.464903e-02 7.146634e-04 2.012026e-03 5.463657e-03 6.692926e-08 3.959001e-12 8.021721e-05 3.865383e-08  1.566007e-12  2.159480e-10  6.657228e-35 7.549789e-175  2.613479e-58  4.049633e-61 1.302091e-317  0.000000e+00  0.000000e+00  0.000000e+00  0.000000e+00
   94    1      1      0    0      1      -1      -1  25.0 5.031755e-02 0.216478979 0.37985499 0.163189946 0.10080891 2.396875e-02 3.023940e-02 3.130039e-02 3.385112e-03 2.091274e-04 1.784466e-04 3.122987e-15 1.879374e-11 6.839606e-05  1.001253e-38  4.359689e-10  1.475306e-33  2.140976e-34 7.728040e-124  2.529118e-69  0.000000e+00  4.368277e-46  0.000000e+00  0.000000e+00  0.000000e+00
   95    1      1      0    0      1      -1      -1  25.0 2.704766e-02 0.388388954 0.25980156 0.086613217 0.10537826 7.789498e-02 3.624767e-02 1.058504e-02 1.735682e-03 5.411674e-03 3.857176e-06 8.596852e-04 2.722829e-05 1.442403e-19  4.524433e-06  3.804778e-19  4.355597e-88  1.355366e-20 3.388519e-161 4.133448e-279 2.510090e-183  1.196606e-53 1.864956e-294  0.000000e+00  0.000000e+00
   96    1      1      0    0      1      -1      -1  25.0 5.044690e-02 0.194453024 0.36201740 0.079307036 0.05137239 9.622962e-02 1.047027e-01 5.062397e-02 1.070103e-02 1.044416e-04 4.075290e-05 7.582928e-07 3.810741e-17 1.478118e-09  1.008811e-18  2.019987e-67  0.000000e+00  5.007941e-19  3.309211e-82  1.705502e-97 1.459986e-219  0.000000e+00  0.000000e+00 8.972830e-258  0.000000e+00
   97    1      1      0    0      1      -1      -1  25.0 3.766903e-02 0.374236447 0.12621390 0.153919583 0.13183682 5.491292e-02 1.635580e-02 2.800649e-02 1.555341e-02 6.418555e-03 4.332050e-09 3.602816e-02 2.718967e-16 1.884854e-02  3.314167e-07  1.056960e-08  8.374623e-56  8.229228e-17  0.000000e+00  2.701706e-87 2.524284e-281  4.976521e-42  4.373291e-18  0.000000e+00  0.000000e+00
   98    1      1      0    0      1      -1      -1  25.0 1.928862e-03 0.393344465 0.32614683 0.019368530 0.08804202 7.483829e-02 4.959597e-03 3.730533e-03 8.307908e-02 1.856860e-11 2.727701e-03 1.302108e-04 1.291393e-04 2.675663e-06  1.751861e-74  1.572061e-03  4.598125e-15  2.820369e-41  0.000000e+00 1.170121e-192  0.000000e+00 1.069015e-111 4.455427e-192  0.000000e+00 1.235164e-322
   99    1      1      0    0      1      -1      -1  25.0 6.357896e-02 0.366695357 0.30271620 0.119622438 0.09298333 2.419359e-02 4.184165e-03 8.591681e-03 1.702834e-02 3.640974e-06 1.844551e-31 4.023137e-04 1.421978e-28 5.294534e-16  3.672285e-14  1.676733e-20  4.935211e-35  5.316317e-13 1.268373e-266  1.531147e-74 3.912331e-156  9.951020e-47  0.000000e+00  0.000000e+00  0.000000e+00
  100    1      1      0    0      1      -1      -1  25.0 6.757443e-02 0.211997616 0.29621080 0.210748871 0.09027605 4.331136e-02 2.919337e-02 1.341413e-02 1.044459e-03 2.609049e-03 3.546635e-06 3.148306e-02 2.133263e-03 2.881213e-51  1.077084e-39  6.829366e-81  5.624011e-47  2.841031e-79  0.000000e+00  0.000000e+00  0.000000e+00  0.000000e+00 1.641151e-141  5.056409e-77  1.317884e-09
0 #_N_MeanSize_at_Age_obs
0 #_N_environ_variables
0 #_N_environ_obs
0 #_N_sizefreq_methods
0 #_do_tags
0 #_morphcomp_data
#
999
