1 #_styr
100 #_endyr
1 #_nseas
 12 #_months/season
1 #_spawn_seas
1 #_Nfleet
2 #_Nsurveys
1 #_N_areas
Fishery%Survey%CPUE
 0.5 0.5 0.5 #_surveytiming_in_season
 1 1 1 #_area_assignments_for_each_fishery_and_survey
 1 #_units of catch:  1=bio; 2=num
 0.01 #_se of log(catch) only used for init_eq_catch and for Fmethod 2 and 3; use -1 for discard only fleets
1 #_Ngenders
25 #_Nages
 0 #_init_equil_catch_for_each_fishery
100 #_N_lines_of_catch_to_read
#_catch_biomass(mtons):_columns_are_fisheries,year,season
0 1 1
0 2 1
0 3 1
0 4 1
0 5 1
0 6 1
0 7 1
0 8 1
0 9 1
0 10 1
0 11 1
0 12 1
0 13 1
0 14 1
0 15 1
0 16 1
0 17 1
0 18 1
0 19 1
0 20 1
0 21 1
0 22 1
0 23 1
0 24 1
0 25 1
1.06021e+009 26 1
7.90698e+008 27 1
5.93792e+008 28 1
4.4622e+008 29 1
3.36365e+008 30 1
2.73917e+008 31 1
2.50256e+008 32 1
2.42666e+008 33 1
2.35123e+008 34 1
2.21726e+008 35 1
2.13777e+008 36 1
2.11042e+008 37 1
1.97347e+008 38 1
1.77966e+008 39 1
1.56357e+008 40 1
1.42439e+008 41 1
1.37555e+008 42 1
1.36254e+008 43 1
1.31416e+008 44 1
1.23095e+008 45 1
1.10198e+008 46 1
9.73823e+007 47 1
8.81689e+007 48 1
8.04815e+007 49 1
7.13965e+007 50 1
6.7564e+007 51 1
6.70315e+007 52 1
6.49016e+007 53 1
6.31206e+007 54 1
6.56057e+007 55 1
6.76995e+007 56 1
6.65985e+007 57 1
6.23091e+007 58 1
5.63712e+007 59 1
5.46852e+007 60 1
5.59965e+007 61 1
5.7359e+007 62 1
5.75886e+007 63 1
5.3625e+007 64 1
5.07883e+007 65 1
4.88244e+007 66 1
4.89309e+007 67 1
5.17824e+007 68 1
5.43609e+007 69 1
5.78524e+007 70 1
6.12318e+007 71 1
6.04994e+007 72 1
5.71641e+007 73 1
5.51194e+007 74 1
5.27305e+007 75 1
4.9908e+007 76 1
4.99627e+007 77 1
5.45398e+007 78 1
6.21488e+007 79 1
6.70923e+007 80 1
6.86556e+007 81 1
7.22726e+007 82 1
7.31359e+007 83 1
7.38666e+007 84 1
7.80588e+007 85 1
7.63544e+007 86 1
7.16769e+007 87 1
7.31633e+007 88 1
8.39915e+007 89 1
8.70717e+007 90 1
8.59924e+007 91 1
9.04439e+007 92 1
9.47559e+007 93 1
9.51221e+007 94 1
1.05456e+008 95 1
1.13072e+008 96 1
1.08653e+008 97 1
1.00004e+008 98 1
9.6869e+007 99 1
9.78545e+007 100 1
#
150 #_N_cpue_and_surveyabundance_observations
#_Units:  0=numbers; 1=biomass; 2=F
#_Errtype:  -1=normal; 0=lognormal; >0=T
#_Fleet Units Errtype
1 1 0
2 1 0
3 1 0
#_year seas index obs err
26 1 2 3.36014e+009 0.2 #_orig_obs: 1 Survey
27 1 2 2.50866e+009 0.2 #_orig_obs: 1 Survey
28 1 2 1.88698e+009 0.2 #_orig_obs: 1 Survey
29 1 2 1.41307e+009 0.2 #_orig_obs: 1 Survey
30 1 2 1.07517e+009 0.2 #_orig_obs: 1 Survey
31 1 2 8.9022e+008 0.2 #_orig_obs: 1 Survey
32 1 2 8.16746e+008 0.2 #_orig_obs: 1 Survey
33 1 2 7.88165e+008 0.2 #_orig_obs: 1 Survey
34 1 2 7.59049e+008 0.2 #_orig_obs: 1 Survey
35 1 2 7.14207e+008 0.2 #_orig_obs: 1 Survey
36 1 2 7.00235e+008 0.2 #_orig_obs: 1 Survey
37 1 2 6.79026e+008 0.2 #_orig_obs: 1 Survey
38 1 2 6.34609e+008 0.2 #_orig_obs: 1 Survey
39 1 2 5.68088e+008 0.2 #_orig_obs: 1 Survey
40 1 2 5.03844e+008 0.2 #_orig_obs: 1 Survey
41 1 2 4.62271e+008 0.2 #_orig_obs: 1 Survey
42 1 2 4.49923e+008 0.2 #_orig_obs: 1 Survey
43 1 2 4.40553e+008 0.2 #_orig_obs: 1 Survey
44 1 2 4.24812e+008 0.2 #_orig_obs: 1 Survey
45 1 2 3.94134e+008 0.2 #_orig_obs: 1 Survey
46 1 2 3.53252e+008 0.2 #_orig_obs: 1 Survey
47 1 2 3.12826e+008 0.2 #_orig_obs: 1 Survey
48 1 2 2.8611e+008 0.2 #_orig_obs: 1 Survey
49 1 2 2.5691e+008 0.2 #_orig_obs: 1 Survey
50 1 2 2.30938e+008 0.2 #_orig_obs: 1 Survey
51 1 2 2.2087e+008 0.2 #_orig_obs: 1 Survey
52 1 2 2.17789e+008 0.2 #_orig_obs: 1 Survey
53 1 2 2.09005e+008 0.2 #_orig_obs: 1 Survey
54 1 2 2.06997e+008 0.2 #_orig_obs: 1 Survey
55 1 2 2.15189e+008 0.2 #_orig_obs: 1 Survey
56 1 2 2.19317e+008 0.2 #_orig_obs: 1 Survey
57 1 2 2.14901e+008 0.2 #_orig_obs: 1 Survey
58 1 2 1.99285e+008 0.2 #_orig_obs: 1 Survey
59 1 2 1.82251e+008 0.2 #_orig_obs: 1 Survey
60 1 2 1.80187e+008 0.2 #_orig_obs: 1 Survey
61 1 2 1.81909e+008 0.2 #_orig_obs: 1 Survey
62 1 2 1.88141e+008 0.2 #_orig_obs: 1 Survey
63 1 2 1.84282e+008 0.2 #_orig_obs: 1 Survey
64 1 2 1.73076e+008 0.2 #_orig_obs: 1 Survey
65 1 2 1.64866e+008 0.2 #_orig_obs: 1 Survey
66 1 2 1.58306e+008 0.2 #_orig_obs: 1 Survey
67 1 2 1.6129e+008 0.2 #_orig_obs: 1 Survey
68 1 2 1.69384e+008 0.2 #_orig_obs: 1 Survey
69 1 2 1.77845e+008 0.2 #_orig_obs: 1 Survey
70 1 2 1.9011e+008 0.2 #_orig_obs: 1 Survey
71 1 2 1.98957e+008 0.2 #_orig_obs: 1 Survey
72 1 2 1.9413e+008 0.2 #_orig_obs: 1 Survey
73 1 2 1.85218e+008 0.2 #_orig_obs: 1 Survey
74 1 2 1.78898e+008 0.2 #_orig_obs: 1 Survey
75 1 2 1.69902e+008 0.2 #_orig_obs: 1 Survey
76 1 2 1.62157e+008 0.2 #_orig_obs: 1 Survey
77 1 2 1.64587e+008 0.2 #_orig_obs: 1 Survey
78 1 2 1.81198e+008 0.2 #_orig_obs: 1 Survey
79 1 2 2.04987e+008 0.2 #_orig_obs: 1 Survey
80 1 2 2.17097e+008 0.2 #_orig_obs: 1 Survey
81 1 2 2.2448e+008 0.2 #_orig_obs: 1 Survey
82 1 2 2.36984e+008 0.2 #_orig_obs: 1 Survey
83 1 2 2.34867e+008 0.2 #_orig_obs: 1 Survey
84 1 2 2.451e+008 0.2 #_orig_obs: 1 Survey
85 1 2 2.51942e+008 0.2 #_orig_obs: 1 Survey
86 1 2 2.4663e+008 0.2 #_orig_obs: 1 Survey
87 1 2 2.30168e+008 0.2 #_orig_obs: 1 Survey
88 1 2 2.47022e+008 0.2 #_orig_obs: 1 Survey
89 1 2 2.74374e+008 0.2 #_orig_obs: 1 Survey
90 1 2 2.80731e+008 0.2 #_orig_obs: 1 Survey
91 1 2 2.7998e+008 0.2 #_orig_obs: 1 Survey
92 1 2 2.99877e+008 0.2 #_orig_obs: 1 Survey
93 1 2 3.0412e+008 0.2 #_orig_obs: 1 Survey
94 1 2 3.14408e+008 0.2 #_orig_obs: 1 Survey
95 1 2 3.49232e+008 0.2 #_orig_obs: 1 Survey
96 1 2 3.64018e+008 0.2 #_orig_obs: 1 Survey
97 1 2 3.48179e+008 0.2 #_orig_obs: 1 Survey
98 1 2 3.22483e+008 0.2 #_orig_obs: 1 Survey
99 1 2 3.19022e+008 0.2 #_orig_obs: 1 Survey
100 1 2 3.15762e+008 0.2 #_orig_obs: 1 Survey
26 1 3 3.33982e+009 0.4 #_orig_obs: 1 CPUE
27 1 3 2.49084e+009 0.4 #_orig_obs: 1 CPUE
28 1 3 1.87059e+009 0.4 #_orig_obs: 1 CPUE
29 1 3 1.40564e+009 0.4 #_orig_obs: 1 CPUE
30 1 3 1.05969e+009 0.4 #_orig_obs: 1 CPUE
31 1 3 8.63116e+008 0.4 #_orig_obs: 1 CPUE
32 1 3 7.88602e+008 0.4 #_orig_obs: 1 CPUE
33 1 3 7.64643e+008 0.4 #_orig_obs: 1 CPUE
34 1 3 7.40826e+008 0.4 #_orig_obs: 1 CPUE
35 1 3 6.98585e+008 0.4 #_orig_obs: 1 CPUE
36 1 3 6.73682e+008 0.4 #_orig_obs: 1 CPUE
37 1 3 6.64924e+008 0.4 #_orig_obs: 1 CPUE
38 1 3 6.21773e+008 0.4 #_orig_obs: 1 CPUE
39 1 3 5.6066e+008 0.4 #_orig_obs: 1 CPUE
40 1 3 4.92635e+008 0.4 #_orig_obs: 1 CPUE
41 1 3 4.48819e+008 0.4 #_orig_obs: 1 CPUE
42 1 3 4.33474e+008 0.4 #_orig_obs: 1 CPUE
43 1 3 4.29316e+008 0.4 #_orig_obs: 1 CPUE
44 1 3 4.14074e+008 0.4 #_orig_obs: 1 CPUE
45 1 3 3.87812e+008 0.4 #_orig_obs: 1 CPUE
46 1 3 3.47182e+008 0.4 #_orig_obs: 1 CPUE
47 1 3 3.06812e+008 0.4 #_orig_obs: 1 CPUE
48 1 3 2.7782e+008 0.4 #_orig_obs: 1 CPUE
49 1 3 2.53546e+008 0.4 #_orig_obs: 1 CPUE
50 1 3 2.24959e+008 0.4 #_orig_obs: 1 CPUE
51 1 3 2.1291e+008 0.4 #_orig_obs: 1 CPUE
52 1 3 2.11219e+008 0.4 #_orig_obs: 1 CPUE
53 1 3 2.04483e+008 0.4 #_orig_obs: 1 CPUE
54 1 3 1.98914e+008 0.4 #_orig_obs: 1 CPUE
55 1 3 2.06748e+008 0.4 #_orig_obs: 1 CPUE
56 1 3 2.13315e+008 0.4 #_orig_obs: 1 CPUE
57 1 3 2.09838e+008 0.4 #_orig_obs: 1 CPUE
58 1 3 1.96301e+008 0.4 #_orig_obs: 1 CPUE
59 1 3 1.77614e+008 0.4 #_orig_obs: 1 CPUE
60 1 3 1.72343e+008 0.4 #_orig_obs: 1 CPUE
61 1 3 1.76444e+008 0.4 #_orig_obs: 1 CPUE
62 1 3 1.80761e+008 0.4 #_orig_obs: 1 CPUE
63 1 3 1.81431e+008 0.4 #_orig_obs: 1 CPUE
64 1 3 1.6896e+008 0.4 #_orig_obs: 1 CPUE
65 1 3 1.60033e+008 0.4 #_orig_obs: 1 CPUE
66 1 3 1.53841e+008 0.4 #_orig_obs: 1 CPUE
67 1 3 1.54207e+008 0.4 #_orig_obs: 1 CPUE
68 1 3 1.63179e+008 0.4 #_orig_obs: 1 CPUE
69 1 3 1.71304e+008 0.4 #_orig_obs: 1 CPUE
70 1 3 1.82318e+008 0.4 #_orig_obs: 1 CPUE
71 1 3 1.92944e+008 0.4 #_orig_obs: 1 CPUE
72 1 3 1.90607e+008 0.4 #_orig_obs: 1 CPUE
73 1 3 1.80119e+008 0.4 #_orig_obs: 1 CPUE
74 1 3 1.73681e+008 0.4 #_orig_obs: 1 CPUE
75 1 3 1.66138e+008 0.4 #_orig_obs: 1 CPUE
76 1 3 1.5726e+008 0.4 #_orig_obs: 1 CPUE
77 1 3 1.57457e+008 0.4 #_orig_obs: 1 CPUE
78 1 3 1.71899e+008 0.4 #_orig_obs: 1 CPUE
79 1 3 1.95867e+008 0.4 #_orig_obs: 1 CPUE
80 1 3 2.11398e+008 0.4 #_orig_obs: 1 CPUE
81 1 3 2.16349e+008 0.4 #_orig_obs: 1 CPUE
82 1 3 2.27759e+008 0.4 #_orig_obs: 1 CPUE
83 1 3 2.30417e+008 0.4 #_orig_obs: 1 CPUE
84 1 3 2.32814e+008 0.4 #_orig_obs: 1 CPUE
85 1 3 2.45946e+008 0.4 #_orig_obs: 1 CPUE
86 1 3 2.4058e+008 0.4 #_orig_obs: 1 CPUE
87 1 3 2.25817e+008 0.4 #_orig_obs: 1 CPUE
88 1 3 2.30644e+008 0.4 #_orig_obs: 1 CPUE
89 1 3 2.64677e+008 0.4 #_orig_obs: 1 CPUE
90 1 3 2.74339e+008 0.4 #_orig_obs: 1 CPUE
91 1 3 2.70965e+008 0.4 #_orig_obs: 1 CPUE
92 1 3 2.85062e+008 0.4 #_orig_obs: 1 CPUE
93 1 3 2.98531e+008 0.4 #_orig_obs: 1 CPUE
94 1 3 2.99788e+008 0.4 #_orig_obs: 1 CPUE
95 1 3 3.32371e+008 0.4 #_orig_obs: 1 CPUE
96 1 3 3.56254e+008 0.4 #_orig_obs: 1 CPUE
97 1 3 3.42314e+008 0.4 #_orig_obs: 1 CPUE
98 1 3 3.15083e+008 0.4 #_orig_obs: 1 CPUE
99 1 3 3.05286e+008 0.4 #_orig_obs: 1 CPUE
100 1 3 3.08317e+008 0.4 #_orig_obs: 1 CPUE

0 #_N_fleets_with_discard
#_discard_units (1=same_as_catchunits(bio/num); 2=fraction; 3=numbers)
#_discard_errtype:  >0 for DF of T-dist(read CV below); 0 for normal with CV; -1 for normal with se; -2 for lognormal
#Fleet Disc_units err_type
0 #N discard obs
#_year seas index obs err
#
0 #_N_meanbodywt_obs
1 #_DF_for_meanbodywt_T-distribution_like

2 # length bin method: 1=use databins; 2=generate from binwidth,min,max below; 3=read vector
1 # binwidth for population size comp 
10 # minimum size in the population (lower edge of first bin and size at age 0.00) 
200 # maximum size in the population (lower edge of last bin) 

-0.001 #_comp_tail_compression
1e-005 #_add_to_comp
0 #_combine males into females at or below this bin number
21 #_N_LengthBins
 10 53 70 83 94 101 107 111 114 117 120 123 125 127 130 132 135 138 142 148 200
150 #_N_Length_obs
#Yr Seas Flt/Svy Gender Part Nsamp datavector(female-male)
 26 1 1 0 0 100  10.3024 27.0632 14.71 9.7649 6.92186 6.32078 4.13649 2.94951 2.7665 2.55327 2.31925 1.4085 1.29347 1.71773 0.995501 1.26999 1.01406 0.993684 0.880381 0.617566 0.000999988
 27 1 1 0 0 100  11.5574 18.6158 20.3759 12.4235 6.54796 5.76978 3.90742 2.87792 2.76158 2.5857 2.36186 1.43333 1.31218 1.73317 0.998521 1.2672 1.00682 0.983105 0.869371 0.610319 0.000999986
 28 1 1 0 0 100  13.5665 18.6745 16.3495 14.7964 7.6527 5.67989 3.60617 2.63886 2.55376 2.42316 2.24259 1.37289 1.26283 1.67317 0.964644 1.22254 0.968392 0.941712 0.828825 0.579947 0.000999977
 29 1 1 0 0 100  9.31759 21.526 16.4844 13.933 8.66552 6.58136 3.90413 2.71459 2.55072 2.38434 2.19831 1.34849 1.24457 1.65675 0.959316 1.21947 0.967835 0.94119 0.826373 0.575125 0.000999974
 30 1 1 0 0 100  21.457 15.4113 15.3005 12.494 7.59294 6.18329 3.78311 2.6115 2.40508 2.1948 1.98102 1.19933 1.09933 1.45657 0.841993 1.07074 0.851216 0.82946 0.729314 0.506669 0.000999951
 31 1 1 0 0 100  33.442 23.7961 10.0753 8.3455 5.22484 4.20889 2.62067 1.83574 1.70129 1.55013 1.38757 0.83178 0.755912 0.991528 0.568441 0.718423 0.56854 0.552709 0.485824 0.337758 0.000999897
 32 1 1 0 0 100  30.8203 34.1136 13.2758 5.78556 3.32633 2.77183 1.73986 1.22275 1.13724 1.03959 0.931792 0.558046 0.505878 0.660265 0.376405 0.472652 0.371446 0.358722 0.31352 0.217356 0.000999859
 33 1 1 0 0 100  25.3551 35.5423 19.3663 7.63381 2.7894 2.03578 1.26419 0.894683 0.83711 0.768459 0.690443 0.413928 0.375183 0.489 0.278256 0.348234 0.272446 0.261569 0.226876 0.155954 0.000999838
 34 1 1 0 0 100  21.2356 32.8097 22.5043 11.4183 3.85699 2.14192 1.12469 0.749689 0.685604 0.624254 0.560232 0.336251 0.305068 0.397811 0.226428 0.283055 0.221028 0.211477 0.182381 0.12417 0.000999828
 35 1 1 0 0 100  20.8891 28.7304 22.1422 13.9082 5.5186 2.97305 1.35941 0.803455 0.672146 0.572984 0.492937 0.289676 0.260233 0.336987 0.191179 0.238545 0.186054 0.177728 0.152797 0.103266 0.000999821
 36 1 1 0 0 100  31.2896 25.4441 16.8326 12.0286 5.58626 3.30404 1.5308 0.868787 0.682104 0.538106 0.428492 0.237928 0.206062 0.257693 0.142626 0.175066 0.134956 0.127965 0.109464 0.073577 0.000999811
 37 1 1 0 0 100  19.0255 37.3312 18.0333 10.5623 5.44367 3.55039 1.75785 1.02418 0.805177 0.622166 0.475331 0.251938 0.209521 0.249284 0.131639 0.155462 0.115562 0.106493 0.0890813 0.0589997 0.000999807
 38 1 1 0 0 100  19.096 28.0529 24.0189 12.6661 5.45796 3.72406 1.96214 1.19229 0.964807 0.759352 0.582636 0.306078 0.250659 0.290106 0.147759 0.167914 0.119054 0.104546 0.0831396 0.0526114 0.000999804
 39 1 1 0 0 100  14.4629 27.8141 22.1107 16.105 7.05228 4.29475 2.20495 1.3604 1.12702 0.909942 0.713904 0.380062 0.312973 0.362175 0.182832 0.204426 0.140804 0.118737 0.0890257 0.0520732 0.000999803
 40 1 1 0 0 100  23.2017 21.3639 18.9861 14.8671 7.66536 4.96159 2.48376 1.48903 1.21386 0.975502 0.769402 0.41338 0.343306 0.40112 0.203894 0.228487 0.156649 0.130053 0.093985 0.0507351 0.000999801
 41 1 1 0 0 100  27.7954 27.237 14.3668 11.1561 6.36468 4.46655 2.36486 1.44674 1.18343 0.94637 0.740543 0.395617 0.327691 0.382621 0.194819 0.218919 0.150546 0.124982 0.0893935 0.0459628 0.000999798
 42 1 1 0 0 100  30.4762 30.7192 15.2523 8.29932 4.51203 3.402 1.90771 1.20993 1.01558 0.828267 0.656411 0.352734 0.292697 0.34171 0.173807 0.194978 0.1339 0.111037 0.0792175 0.0399408 0.000999796
 43 1 1 0 0 100  22.2075 36.066 19.2367 9.11657 3.96397 2.80194 1.60165 1.0477 0.905155 0.758777 0.616071 0.336826 0.282623 0.333459 0.170972 0.192704 0.132737 0.110144 0.0784355 0.0391467 0.000999794
 44 1 1 0 0 100  22.2231 29.9069 22.4506 11.8823 4.52309 2.79744 1.48753 0.954357 0.82568 0.700864 0.57985 0.322745 0.274665 0.329405 0.171472 0.195652 0.136378 0.114229 0.0818898 0.040822 0.000999794
 45 1 1 0 0 100  16.0854 30.8251 22.1324 14.5748 6.15318 3.53807 1.72001 1.04229 0.86957 0.721489 0.591147 0.329063 0.281299 0.340476 0.179321 0.207194 0.146608 0.124708 0.090882 0.0458794 0.000999794
 46 1 1 0 0 100  17.9812 24.4467 22.0382 15.5674 7.41466 4.60504 2.22856 1.30357 1.04471 0.832299 0.658569 0.358383 0.302554 0.362887 0.19039 0.220331 0.156868 0.134901 0.100012 0.0516834 0.000999794
 47 1 1 0 0 100  20.6417 24.7906 18.1199 14.5928 7.67314 5.07769 2.58375 1.54269 1.23879 0.975119 0.754292 0.400882 0.332008 0.389663 0.200555 0.228976 0.161315 0.138141 0.10283 0.0541696 0.000999794
 48 1 1 0 0 100  27.2678 25.9569 15.6432 11.2599 6.36715 4.56971 2.44974 1.50803 1.23679 0.987986 0.769202 0.408221 0.336187 0.390125 0.197832 0.222321 0.153743 0.12937 0.0948868 0.0499413 0.000999794
 49 1 1 0 0 100  14.5839 35.4682 19.284 10.9539 5.85236 4.33856 2.447 1.56406 1.32078 1.08195 0.859468 0.461901 0.382956 0.446299 0.226279 0.253267 0.173513 0.143953 0.103412 0.0531743 0.000999795
 50 1 1 0 0 100  25.6597 21.8815 21.3799 12.5444 5.49758 3.89826 2.21257 1.44285 1.24691 1.04768 0.853388 0.467698 0.393095 0.464618 0.238245 0.268621 0.184836 0.153226 0.109089 0.05478 0.000999795
 51 1 1 0 0 100  31.0819 28.2749 14.1231 10.7661 5.16924 3.27641 1.7483 1.12203 0.970158 0.822893 0.680647 0.37894 0.322707 0.387549 0.201952 0.230777 0.16104 0.135016 0.0968517 0.0483808 0.000999794
 52 1 1 0 0 100  25.3029 35.163 17.0319 8.59673 4.42791 3.0594 1.60861 0.997978 0.839804 0.699309 0.573765 0.319557 0.273246 0.330841 0.174347 0.201579 0.142788 0.121626 0.0888113 0.0450034 0.000999794
 53 1 1 0 0 100  20.1225 32.9294 22.3948 10.8897 4.36439 2.92415 1.59037 1.00537 0.848747 0.701802 0.568728 0.313386 0.266157 0.320601 0.168696 0.195479 0.139362 0.119984 0.0891134 0.046249 0.000999794
 54 1 1 0 0 100  31.8966 24.915 18.5221 11.7748 4.6738 2.73982 1.38419 0.858754 0.723957 0.600988 0.488839 0.26964 0.228745 0.274641 0.144008 0.166274 0.118292 0.101925 0.0762398 0.0404273 0.000999793
 55 1 1 0 0 100  30.041 33.4607 15.1229 9.43554 4.49956 2.6992 1.2974 0.765883 0.621747 0.501965 0.401332 0.219677 0.185774 0.222559 0.116654 0.134532 0.095637 0.0823119 0.0615996 0.0330198 0.000999793
 56 1 1 0 0 100  22.4552 35.9909 20.3029 9.44069 4.17723 2.75066 1.38713 0.821872 0.657701 0.518175 0.402772 0.215502 0.179426 0.211656 0.109648 0.12547 0.088683 0.076059 0.0568181 0.0305426 0.000999793
 57 1 1 0 0 100  20.5356 30.6069 23.1952 12.6497 4.80825 2.9028 1.47354 0.894497 0.729341 0.58054 0.45107 0.239436 0.197364 0.229382 0.116859 0.131723 0.0916097 0.0774857 0.0571979 0.0305358 0.000999793
 58 1 1 0 0 100  15.4061 29.3889 22.9175 15.5034 6.63664 3.80903 1.81234 1.06695 0.860185 0.684162 0.534098 0.284726 0.235174 0.273266 0.138584 0.155105 0.106543 0.0887113 0.0641504 0.0334617 0.000999793
 59 1 1 0 0 100  25.1765 21.8839 19.376 14.657 7.17785 4.48415 2.16315 1.25206 0.986874 0.767307 0.588184 0.310186 0.254828 0.294992 0.149219 0.166705 0.114105 0.0943862 0.0673358 0.034213 0.000999793
 60 1 1 0 0 100  35.1274 26.7675 12.7469 9.82603 5.42633 3.67296 1.88272 1.1232 0.897161 0.698975 0.532066 0.277756 0.226058 0.258671 0.129506 0.14344 0.0974251 0.0800412 0.0566457 0.0283362 0.000999793
 61 1 1 0 0 100  24.9652 37.8982 16.4137 7.63904 4.09665 3.01348 1.64633 1.02209 0.840915 0.671224 0.519915 0.273866 0.22359 0.25575 0.127547 0.140363 0.0944464 0.0767453 0.0535941 0.0263447 0.000999792
 62 1 1 0 0 100  29.7524 30.0829 20.0407 9.18555 3.42917 2.34727 1.3165 0.84742 0.720663 0.593681 0.473001 0.254341 0.210475 0.2439 0.122852 0.13592 0.091665 0.0742976 0.0514249 0.0248074 0.000999792
 63 1 1 0 0 100  14.7781 38.1256 22.0734 12.3102 4.76839 2.67277 1.33628 0.83453 0.709581 0.592923 0.482863 0.265108 0.223045 0.263505 0.135092 0.151671 0.103703 0.0849299 0.0590956 0.0282391 0.000999792
 64 1 1 0 0 100  22.2787 23.1196 24.3073 14.7827 6.04167 3.53744 1.66486 0.968489 0.779535 0.626628 0.500179 0.273378 0.23071 0.275103 0.142873 0.162749 0.113248 0.094449 0.0669806 0.0323946 0.000999792
 65 1 1 0 0 100  26.3976 27.1312 16.3185 13.5392 6.50358 3.86415 1.84298 1.06742 0.842412 0.656104 0.504981 0.268167 0.222138 0.260594 0.134071 0.152386 0.106489 0.0897877 0.0649252 0.0322945 0.000999792
 66 1 1 0 0 100  25.4514 31.1286 17.0014 10.3007 5.67516 3.8788 1.95096 1.14511 0.90529 0.701285 0.533098 0.27876 0.22756 0.261857 0.132115 0.147724 0.10169 0.0849544 0.06142 0.031137 0.000999792
 67 1 1 0 0 100  33.9256 28.1828 16.2189 8.91892 4.12948 2.91685 1.58796 0.983821 0.805619 0.638708 0.49121 0.257456 0.20963 0.239438 0.119534 0.131944 0.0893626 0.0733581 0.0521112 0.0262851 0.000999792
 68 1 1 0 0 100  28.0626 35.9257 16.6415 8.44579 3.69523 2.38316 1.27062 0.800889 0.674131 0.551794 0.437541 0.234445 0.193479 0.22347 0.112289 0.124014 0.08363 0.0679571 0.0474305 0.0233941 0.000999792
 69 1 1 0 0 100  28.1779 32.4836 19.862 9.32462 3.59828 2.23365 1.14158 0.702082 0.585095 0.479623 0.38464 0.209195 0.174996 0.205552 0.105024 0.117511 0.0801908 0.0656001 0.0457377 0.022185 0.000999792
 70 1 1 0 0 100  30.2361 31.52 18.2644 10.0978 3.86628 2.18044 1.05235 0.629105 0.51427 0.415338 0.329993 0.178987 0.149899 0.176918 0.0912049 0.103071 0.0713209 0.0592053 0.0419109 0.0204746 0.000999791
 71 1 1 0 0 100  23.6768 35.4802 19.5754 10.4473 4.35769 2.50756 1.16654 0.669646 0.529049 0.414898 0.322125 0.172202 0.143032 0.167697 0.0861904 0.0974173 0.0676759 0.0566275 0.0406486 0.0202414 0.000999791
 72 1 1 0 0 100  16.8915 32.6334 24.0866 13.0547 5.28918 3.1438 1.49552 0.858608 0.670213 0.514765 0.389524 0.20355 0.166285 0.19159 0.0969577 0.108476 0.0747159 0.0622736 0.0447752 0.0225503 0.000999792
 73 1 1 0 0 100  24.8945 23.8784 21.0767 14.6222 6.21294 3.64084 1.7347 1.00329 0.787442 0.60553 0.455916 0.236008 0.19084 0.21668 0.107797 0.118733 0.0803442 0.0659153 0.0467571 0.0234535 0.000999792
 74 1 1 0 0 100  25.649 29.6676 16.2559 12.1881 6.24041 3.88358 1.8751 1.08526 0.85149 0.654851 0.493082 0.25499 0.205772 0.232596 0.114865 0.125364 0.0836805 0.0675099 0.0468618 0.0229865 0.000999792
 75 1 1 0 0 100  20.7901 32.4606 19.3996 10.8918 5.6423 3.93767 2.03993 1.21778 0.970824 0.753353 0.56962 0.294847 0.23786 0.268536 0.13221 0.143781 0.0953279 0.0761453 0.0519498 0.0247148 0.000999792
 76 1 1 0 0 100  27.0357 26.6606 19.4453 11.4987 5.08998 3.45859 1.87292 1.16909 0.966572 0.773543 0.598931 0.314583 0.25586 0.290792 0.143689 0.156461 0.103606 0.0824266 0.0557056 0.0258886 0.000999792
 77 1 1 0 0 100  34.0223 28.6364 14.9412 9.59202 4.44165 2.82217 1.47056 0.915923 0.767196 0.627642 0.498905 0.268092 0.22173 0.256562 0.128825 0.141875 0.0949052 0.0759745 0.0514352 0.0236962 0.000999791
 78 1 1 0 0 100  35.6146 32.8599 14.4891 7.21088 3.36297 2.21043 1.14055 0.69797 0.577344 0.469709 0.374453 0.202986 0.169548 0.19897 0.101637 0.113664 0.0774504 0.0630808 0.043441 0.0202583 0.000999791
 79 1 1 0 0 100  30.3834 36.6587 17.3976 7.36794 2.85921 1.81115 0.940462 0.578776 0.478983 0.388532 0.30848 0.16689 0.13939 0.163929 0.0842675 0.0949659 0.0655534 0.0542633 0.0382149 0.0183333 0.000999791
 80 1 1 0 0 100  21.0026 37.0699 22.6552 10.2492 3.52416 1.97423 0.960644 0.578286 0.474855 0.384261 0.305029 0.16506 0.137881 0.162203 0.0834552 0.0942264 0.0653108 0.0544635 0.0388993 0.0191527 0.000999791
 81 1 1 0 0 100  28.4673 26.9784 21.4562 12.5341 4.54515 2.39472 1.0737 0.610899 0.482252 0.378975 0.295033 0.158037 0.131384 0.154053 0.0791783 0.0894013 0.0620665 0.051924 0.0373537 0.018748 0.000999791
 82 1 1 0 0 100  29.3236 31.5994 16.5266 11.0607 4.94386 2.75115 1.22072 0.672252 0.510889 0.385248 0.288381 0.150086 0.122446 0.140953 0.0714764 0.0799701 0.0551859 0.0460464 0.0331851 0.0168744 0.000999791
 83 1 1 0 0 100  17.9295 36.5867 21.2959 10.9744 5.14379 3.26398 1.55957 0.879619 0.669888 0.498974 0.364816 0.18498 0.147612 0.165453 0.081658 0.0894069 0.0603387 0.0494538 0.0351353 0.0177642 0.000999791
 84 1 1 0 0 100  36.9884 22.5798 17.9755 10.8026 4.36747 2.74498 1.3855 0.821165 0.649325 0.497327 0.369257 0.187814 0.149287 0.165466 0.0803053 0.0862125 0.0567267 0.0452311 0.0311739 0.0153819 0.000999791
 85 1 1 0 0 100  20.0797 40.9388 16.7678 9.96074 4.74074 2.83174 1.38311 0.820909 0.659405 0.517223 0.394362 0.204824 0.165052 0.18518 0.0904178 0.0970699 0.0633634 0.0496909 0.033232 0.015645 0.000999791
 86 1 1 0 0 100  21.2252 28.9593 24.6937 11.7358 4.80599 3.17344 1.59867 0.945136 0.753754 0.589247 0.450825 0.235992 0.19188 0.218103 0.107869 0.117187 0.0772507 0.0608665 0.0404313 0.0183375 0.000999791
 87 1 1 0 0 100  19.8392 28.096 21.3008 14.9725 6.13095 3.52995 1.75106 1.05645 0.858367 0.679955 0.524107 0.275291 0.224351 0.255987 0.127186 0.139116 0.0925204 0.0736625 0.0494202 0.0222627 0.000999791
 88 1 1 0 0 100  45.858 20.873 12.1311 9.19014 4.54536 2.82067 1.35399 0.787725 0.626894 0.492734 0.38073 0.201386 0.165183 0.189855 0.0951293 0.104656 0.0701599 0.0563349 0.0382767 0.0175856 0.000999791
 89 1 1 0 0 100  25.5613 44.2385 13.9148 6.29766 3.47929 2.36066 1.21131 0.722748 0.577635 0.450891 0.344378 0.180518 0.147313 0.168769 0.0846207 0.0933456 0.0629586 0.0509553 0.0350175 0.0163748 0.000999791
 90 1 1 0 0 100  19.0941 34.7842 26.3775 9.74588 3.254 2.26138 1.23267 0.766026 0.630806 0.503997 0.390828 0.206189 0.168524 0.192915 0.0963997 0.106048 0.0713104 0.0576838 0.0397692 0.0187615 0.000999791
 91 1 1 0 0 100  27.1939 25.2567 21.7527 14.2287 4.81419 2.42138 1.15855 0.711151 0.594951 0.48717 0.387546 0.208471 0.172607 0.200094 0.100926 0.11167 0.0753511 0.0610171 0.0420572 0.0198947 0.000999791
 92 1 1 0 0 100  35.5046 28.4563 14.1246 10.3805 4.93055 2.73285 1.19051 0.656576 0.5086 0.396383 0.30853 0.165638 0.137882 0.161554 0.0826588 0.0925845 0.0633623 0.0519237 0.0361763 0.0173023 0.000999791
 93 1 1 0 0 100  16.9824 41.7369 19.5995 9.25502 4.66286 3.07522 1.49311 0.845769 0.645735 0.483555 0.35752 0.183986 0.148997 0.170399 0.0858496 0.0956606 0.0655646 0.0541704 0.038276 0.0186028 0.000999791
 94 1 1 0 0 100  35.2629 22.5026 20.5622 10.6536 3.94646 2.56054 1.33475 0.805364 0.64442 0.498359 0.373248 0.191295 0.153095 0.17139 0.084179 0.0915894 0.061289 0.0497588 0.0348867 0.0171568 0.000999791
 95 1 1 0 0 100  33.4453 34.0697 13.6353 9.01255 3.93382 2.2009 1.06079 0.63563 0.517542 0.41193 0.31848 0.167284 0.1359 0.153869 0.0759371 0.0822887 0.0544328 0.043359 0.0296431 0.0143373 0.000999791
 96 1 1 0 0 100  17.6773 40.7498 21.708 9.12664 4.02628 2.57244 1.24366 0.718398 0.566427 0.441429 0.339064 0.178839 0.146477 0.168052 0.0840828 0.092226 0.0615928 0.0492219 0.0333634 0.0156569 0.000999791
 97 1 1 0 0 100  15.9816 27.7886 27.8043 14.9224 5.22129 3.06676 1.52827 0.911327 0.729609 0.569417 0.433644 0.226306 0.183974 0.209881 0.104673 0.115087 0.0772611 0.0622597 0.0425364 0.0197812 0.000999791
 98 1 1 0 0 100  22.7537 22.6289 20.3052 16.9174 7.31547 3.99341 1.8279 1.05309 0.835271 0.653684 0.501649 0.263324 0.214678 0.245187 0.122055 0.133905 0.0896046 0.0721088 0.0493644 0.0230416 0.000999791
 99 1 1 0 0 100  34.8344 25.2811 13.1552 10.8005 6.10103 3.91507 1.86038 1.05327 0.812369 0.61798 0.463934 0.240653 0.195194 0.222355 0.110726 0.121598 0.0815092 0.0656587 0.0449802 0.0210834 0.000999791
 100 1 1 0 0 100  20.7038 39.4373 16.9175 8.39096 4.75223 3.50207 1.86956 1.12607 0.897134 0.691901 0.518538 0.266443 0.213942 0.240635 0.11837 0.128862 0.0857385 0.0687758 0.047033 0.0220423 0.000999791
 26 1 2 0 0 100  14.331 26.4014 13.9216 9.2394 6.54935 5.98062 3.9139 2.7908 2.61765 2.41589 2.19447 1.33274 1.2239 1.62533 0.941971 1.20168 0.95953 0.940252 0.833048 0.584379 0.000999978
 27 1 2 0 0 100  16.3771 18.3301 19.0538 11.6165 6.12258 5.39497 3.65361 2.691 2.58222 2.41777 2.20847 1.34026 1.22699 1.62062 0.933709 1.18493 0.941467 0.919293 0.81295 0.570729 0.000999973
 28 1 2 0 0 100  18.1877 18.5993 15.2538 13.8031 7.13899 5.29862 3.36413 2.46176 2.38237 2.26054 2.09209 1.28078 1.17811 1.56091 0.899947 1.14053 0.903443 0.878554 0.773246 0.541077 0.000999964
 29 1 2 0 0 100  14.2534 20.824 15.4768 13.0793 8.1346 6.17815 3.66497 2.54832 2.39448 2.2383 2.06367 1.26592 1.16837 1.5553 0.900595 1.14481 0.908592 0.883579 0.775798 0.539945 0.000999963
 30 1 2 0 0 100  30.6129 14.7804 13.2347 10.8063 6.56731 5.3481 3.27217 2.25884 2.0803 1.89843 1.71353 1.03744 0.95095 1.25993 0.728379 0.926226 0.736356 0.717539 0.630923 0.438355 0.000999929
 31 1 2 0 0 100  42.6565 22.0386 8.31929 6.88934 4.31324 3.47458 2.16351 1.51557 1.40458 1.27979 1.1456 0.686802 0.624174 0.818672 0.469418 0.593226 0.469499 0.456431 0.401218 0.278991 0.000999878
 32 1 2 0 0 100  39.2093 31.1342 11.2289 4.89218 2.81274 2.34388 1.47129 1.03405 0.961753 0.879178 0.788033 0.472011 0.4279 0.558442 0.318424 0.399806 0.314231 0.303472 0.265252 0.18394 0.000999848
 33 1 2 0 0 100  32.9412 32.9435 16.897 6.65916 2.43332 1.77594 1.10288 0.780561 0.730339 0.670455 0.602402 0.361197 0.3274 0.426683 0.242851 0.303893 0.237783 0.228294 0.198032 0.136167 0.000999832
 34 1 2 0 0 100  28.1955 30.8718 20.0458 10.1693 3.43515 1.9077 1.00176 0.667783 0.610708 0.55607 0.499052 0.299574 0.271803 0.354399 0.201766 0.252198 0.196957 0.188451 0.162538 0.110695 0.000999824
 35 1 2 0 0 100  29.6675 26.4154 19.3022 12.1226 4.81016 2.59144 1.18499 0.700422 0.585973 0.499542 0.429773 0.25261 0.226948 0.293847 0.166761 0.208045 0.162294 0.155036 0.133307 0.0901356 0.000999817
 36 1 2 0 0 100  39.027 24.1473 14.3272 10.2369 4.75421 2.81198 1.3029 0.739511 0.580638 0.458092 0.364807 0.202632 0.175513 0.219453 0.121528 0.149135 0.115 0.109051 0.0933055 0.0627649 0.000999808
 37 1 2 0 0 100  25.6245 35.0543 16.2493 9.51489 4.90389 3.19838 1.58361 0.922702 0.725422 0.560561 0.428288 0.227051 0.18884 0.22466 0.118683 0.140143 0.1042 0.096031 0.0803456 0.0532474 0.000999805
 38 1 2 0 0 100  25.1895 26.9681 21.7434 11.4648 4.94034 3.37091 1.77612 1.07929 0.873385 0.687419 0.527465 0.27714 0.226978 0.262683 0.133838 0.152081 0.107856 0.0947245 0.0753482 0.0477157 0.000999803
 39 1 2 0 0 100  20.8361 26.4283 20.2016 14.7123 6.44246 3.9234 2.01434 1.24283 1.02963 0.831332 0.652249 0.347279 0.285992 0.330939 0.167106 0.186833 0.128713 0.108554 0.0814127 0.0476561 0.000999802
 40 1 2 0 0 100  31.5072 20.2878 16.5105 12.9273 6.66524 4.31429 2.15979 1.29486 1.0556 0.848339 0.669133 0.359569 0.298638 0.348909 0.177418 0.198802 0.136338 0.113213 0.0818513 0.0442451 0.000999799
 41 1 2 0 0 100  36.8954 25.0198 12.1688 9.44732 5.38987 3.7825 2.00275 1.22528 1.0023 0.801555 0.627257 0.335168 0.277647 0.324163 0.165129 0.185537 0.127638 0.10599 0.075853 0.0390752 0.000999797
 42 1 2 0 0 100  38.4729 28.4958 12.9838 7.06353 3.84023 2.89551 1.62376 1.02989 0.864481 0.705066 0.558804 0.300352 0.249256 0.29097 0.148072 0.166089 0.114108 0.0946494 0.0675688 0.0341415 0.000999795
 43 1 2 0 0 100  29.6459 33.4994 16.9918 8.05097 3.50068 2.47449 1.41453 0.925333 0.799455 0.670188 0.544166 0.297566 0.2497 0.294593 0.151101 0.170293 0.117336 0.0973844 0.0693828 0.0346871 0.000999794
 44 1 2 0 0 100  28.9518 28.4247 19.9907 10.5789 4.027 2.49066 1.32445 0.849771 0.73521 0.624087 0.516349 0.287449 0.244643 0.293378 0.15277 0.174298 0.121527 0.101807 0.0730159 0.0364534 0.000999793
 45 1 2 0 0 100  22.0919 29.3942 20.2262 13.3174 5.62236 3.23289 1.57169 0.952443 0.794628 0.659324 0.540228 0.300758 0.257114 0.311186 0.163935 0.189404 0.134044 0.114034 0.0831268 0.0420071 0.000999794
 46 1 2 0 0 100  24.6301 23.4457 19.877 14.0393 6.68683 4.15304 2.00987 1.17569 0.942249 0.750687 0.594013 0.323297 0.272949 0.327359 0.171797 0.198798 0.141566 0.121755 0.0902913 0.0467076 0.000999794
 47 1 2 0 0 100  28.8257 23.2283 15.9221 12.8209 6.74146 4.46119 2.27011 1.35547 1.08848 0.856825 0.662814 0.352321 0.291812 0.342465 0.176322 0.201291 0.141847 0.121487 0.0904636 0.0477128 0.000999794
 48 1 2 0 0 100  34.2548 24.9184 13.6547 9.82693 5.5569 3.98823 2.13808 1.31622 1.0795 0.862367 0.671429 0.356392 0.293526 0.340599 0.17278 0.194152 0.134302 0.113032 0.0829373 0.0437123 0.000999794
 49 1 2 0 0 100  21.149 33.3016 17.5878 9.98815 5.33639 3.95607 2.23131 1.42623 1.2044 0.986629 0.783767 0.421258 0.349274 0.407032 0.206414 0.231022 0.158301 0.131347 0.0943807 0.0485735 0.000999794
 50 1 2 0 0 100  34.7751 20.4769 18.2373 10.6997 4.68919 3.32508 1.88731 1.23079 1.06367 0.893743 0.728025 0.399059 0.335428 0.396433 0.203353 0.229261 0.157799 0.130837 0.0931921 0.0468704 0.000999794
 51 1 2 0 0 100  39.565 26.1624 11.9102 9.0773 4.35844 2.76256 1.47418 0.946165 0.818114 0.693953 0.574023 0.319648 0.272237 0.326907 0.170426 0.194729 0.135932 0.113991 0.0818142 0.0409475 0.000999794
 52 1 2 0 0 100  32.565 32.7937 14.9251 7.53162 3.87934 2.68041 1.4094 0.874436 0.735862 0.612777 0.50279 0.280083 0.23951 0.289968 0.152866 0.176723 0.125218 0.106679 0.0779299 0.0395506 0.000999793
 53 1 2 0 0 100  28.6548 30.183 19.6356 9.54648 3.8261 2.56354 1.3943 0.881468 0.744165 0.615347 0.49869 0.274848 0.233446 0.281173 0.148008 0.171487 0.122293 0.105306 0.0782432 0.0406668 0.000999793
 54 1 2 0 0 100  41.0574 23.0171 15.4072 9.79345 3.88742 2.27891 1.15141 0.714404 0.602291 0.500017 0.406741 0.224431 0.190418 0.22859 0.119941 0.13846 0.0985529 0.0849401 0.0635777 0.0337921 0.000999793
 55 1 2 0 0 100  38.0408 30.8294 12.8994 8.04629 3.83712 2.30187 1.1065 0.653249 0.530338 0.428195 0.34238 0.187475 0.158565 0.189933 0.0996232 0.114869 0.081701 0.0703381 0.0526759 0.0283046 0.000999792
 56 1 2 0 0 100  29.7161 33.5307 17.9583 8.3488 3.69414 2.43259 1.22679 0.726917 0.581737 0.458351 0.356297 0.190689 0.158787 0.187288 0.0970804 0.111072 0.0785402 0.0673765 0.0503612 0.0271252 0.000999792
 57 1 2 0 0 100  26.8983 29.1834 20.851 11.3697 4.32178 2.60915 1.32453 0.804079 0.655636 0.521893 0.405525 0.215307 0.177492 0.20627 0.105135 0.118495 0.0824403 0.0697456 0.0515109 0.0275469 0.000999793
 58 1 2 0 0 100  22.0519 27.7892 20.8239 14.085 6.02951 3.46061 1.64661 0.969419 0.781573 0.621655 0.485321 0.258766 0.213748 0.248354 0.125996 0.141005 0.0968862 0.0806861 0.0583723 0.0304916 0.000999793
 59 1 2 0 0 100  35.0027 20.1781 16.4042 12.4077 6.07636 3.79609 1.83131 1.06005 0.835564 0.649696 0.498064 0.262733 0.215871 0.24987 0.126471 0.141273 0.0967462 0.0800534 0.0571547 0.0291155 0.000999793
 60 1 2 0 0 100  43.4203 24.9177 10.5921 8.16335 4.50819 3.05154 1.56427 0.933287 0.745502 0.580855 0.442192 0.23092 0.187971 0.215064 0.107758 0.119334 0.0811068 0.0666648 0.0472286 0.02371 0.000999792
 61 1 2 0 0 100  33.7808 34.2793 14.118 6.56886 3.52278 2.59138 1.41579 0.879013 0.723228 0.577313 0.447206 0.235632 0.192402 0.220055 0.109816 0.120836 0.0813529 0.066132 0.0462247 0.0227934 0.000999792
 62 1 2 0 0 100  36.9131 28.412 17.3016 7.92903 2.96015 2.02627 1.13652 0.731618 0.622204 0.512594 0.408425 0.21968 0.181816 0.210668 0.106181 0.117461 0.0792607 0.0642694 0.044526 0.0215502 0.000999792
 63 1 2 0 0 100  20.9206 35.9382 20.2214 11.2749 4.36741 2.44805 1.22398 0.764424 0.649984 0.543137 0.442334 0.242894 0.204369 0.241426 0.123813 0.138999 0.0950649 0.0778707 0.0542093 0.025948 0.000999792
 64 1 2 0 0 100  30.4118 21.8541 21.2501 12.9224 5.28143 3.09236 1.45546 0.846725 0.681552 0.54789 0.437355 0.239097 0.2018 0.240606 0.125018 0.142392 0.099121 0.0826879 0.0586765 0.0284433 0.000999792
 65 1 2 0 0 100  34.471 25.42 14.0853 11.6842 5.61262 3.33483 1.5906 0.921301 0.727124 0.566343 0.435927 0.23156 0.191838 0.225025 0.115838 0.131644 0.0920351 0.0776222 0.0561663 0.0280066 0.000999792
 66 1 2 0 0 100  34.8792 28.1714 14.4687 8.76445 4.8288 3.30038 1.6601 0.97445 0.770405 0.59683 0.453729 0.237329 0.193766 0.222947 0.112558 0.125838 0.0866707 0.0724316 0.0524076 0.0266417 0.000999792
 67 1 2 0 0 100  42.6904 25.8762 13.4547 7.39768 3.42522 2.41945 1.31725 0.816165 0.668362 0.529924 0.407587 0.213708 0.17404 0.198763 0.0993137 0.109607 0.0742891 0.0610148 0.0433923 0.0219718 0.000999791
 68 1 2 0 0 100  36.5903 32.6806 14.2011 7.20554 3.15265 2.03329 1.08415 0.683409 0.575268 0.470898 0.373426 0.200159 0.165209 0.190796 0.0959436 0.105946 0.071494 0.058123 0.0406112 0.020105 0.000999791
 69 1 2 0 0 100  37.1801 29.4971 16.8248 7.89745 3.04763 1.89189 0.966989 0.594764 0.495685 0.406358 0.325914 0.177326 0.148362 0.17424 0.0891005 0.0996763 0.0680687 0.0557114 0.0388894 0.0189421 0.000999791
 70 1 2 0 0 100  38.4908 29.0393 15.5071 8.57187 3.28212 1.85106 0.893456 0.534179 0.436699 0.352718 0.280272 0.152088 0.127396 0.150331 0.0775721 0.0876447 0.0606932 0.0504087 0.0357279 0.0175314 0.000999791
 71 1 2 0 0 100  30.5001 33.3191 17.3419 9.25342 3.85974 2.22107 1.03332 0.593223 0.468696 0.367591 0.285422 0.152634 0.126799 0.148644 0.0764535 0.0863972 0.0600551 0.0502695 0.0361169 0.0180422 0.000999791
 72 1 2 0 0 100  23.9093 30.5948 21.7115 11.7657 4.76696 2.83344 1.34794 0.773917 0.604126 0.464029 0.351156 0.183548 0.149963 0.172768 0.0874815 0.0978622 0.0674362 0.0562226 0.0404523 0.0204221 0.000999791
 73 1 2 0 0 100  33.1777 22.5101 18.2319 12.6473 5.37387 3.14919 1.50052 0.867909 0.681214 0.523874 0.394469 0.204264 0.165197 0.187547 0.0933712 0.102831 0.0696268 0.0571469 0.0405764 0.0204205 0.000999791
 74 1 2 0 0 100  33.1689 27.8707 14.175 10.6258 5.44051 3.38583 1.63484 0.946253 0.742456 0.571026 0.429997 0.222428 0.17952 0.202905 0.100267 0.109421 0.0730807 0.0589832 0.0409822 0.0201678 0.000999791
 75 1 2 0 0 100  28.5443 30.1607 17.1374 9.6199 4.98345 3.4779 1.80181 1.07567 0.857558 0.665485 0.50321 0.260529 0.210197 0.23729 0.116886 0.127106 0.0843113 0.067369 0.0459993 0.0219451 0.000999791
 76 1 2 0 0 100  36.4541 24.397 16.4409 9.72081 4.30306 2.92394 1.58346 0.988469 0.817263 0.654083 0.506471 0.266093 0.21645 0.245981 0.121625 0.132422 0.0877402 0.0698354 0.0472463 0.02204 0.000999791
 77 1 2 0 0 100  43.8496 25.6738 12.1947 7.8273 3.62457 2.30307 1.20016 0.747577 0.626216 0.51234 0.40729 0.218947 0.181116 0.209539 0.105305 0.115954 0.0776266 0.0621792 0.042155 0.0195201 0.000999791
 78 1 2 0 0 100  44.7363 29.4358 11.8707 5.9064 2.75467 1.81067 0.934366 0.571865 0.473064 0.384904 0.306882 0.16644 0.139052 0.163151 0.0834285 0.0932789 0.0636179 0.0518482 0.0357619 0.0167738 0.000999791
 79 1 2 0 0 100  38.1086 33.7056 14.8788 6.29985 2.44479 1.54869 0.804249 0.495004 0.40968 0.332344 0.263899 0.142838 0.119325 0.140306 0.0721945 0.0813417 0.0561938 0.0465406 0.032819 0.0158201 0.000999791
 80 1 2 0 0 100  29.0013 34.0854 19.9465 9.02214 3.1023 1.73796 0.845735 0.509161 0.418115 0.338369 0.268624 0.145415 0.121491 0.142901 0.0735819 0.0830633 0.0576101 0.0480617 0.0343611 0.0169791 0.000999791
 81 1 2 0 0 100  37.5414 24.8162 18.1275 10.5884 3.83967 2.02309 0.907163 0.516211 0.407537 0.320294 0.249384 0.133657 0.111141 0.130291 0.067041 0.0756768 0.0525858 0.0440179 0.0317097 0.0159926 0.000999791
 82 1 2 0 0 100  36.524 29.6991 14.2858 9.55906 4.27274 2.37774 1.05511 0.581112 0.441658 0.333076 0.249361 0.129843 0.105956 0.121951 0.0619073 0.0692478 0.0478287 0.0399301 0.0288151 0.014719 0.000999791
 83 1 2 0 0 100  27.3525 32.9061 18.6084 9.5875 4.49376 2.85156 1.36257 0.768565 0.585343 0.436032 0.318831 0.161726 0.129081 0.144667 0.0714631 0.0782326 0.0528385 0.0433294 0.0308207 0.0156452 0.000999791
 84 1 2 0 0 100  44.8623 21.6308 14.8963 8.9514 3.61911 2.27469 1.14821 0.680598 0.53821 0.412262 0.306142 0.155796 0.123872 0.137278 0.0667133 0.071608 0.0471757 0.0376503 0.0260024 0.012917 0.000999791
 85 1 2 0 0 100  27.052 38.0758 15.0022 8.9091 4.24025 2.53283 1.23716 0.734331 0.589881 0.462713 0.352825 0.183301 0.147729 0.165731 0.0809757 0.0869254 0.0567781 0.0445493 0.0298285 0.0140986 0.000999791
 86 1 2 0 0 100  27.7724 27.6569 22.0943 10.4992 4.29965 2.83914 1.43031 0.845644 0.67443 0.527258 0.403423 0.211229 0.171766 0.195225 0.0966075 0.104943 0.0692154 0.0545578 0.036276 0.0165105 0.000999791
 87 1 2 0 0 100  31.6321 24.5158 17.9414 12.6092 5.16331 2.97289 1.4748 0.889839 0.723028 0.572779 0.441532 0.231993 0.189094 0.215736 0.107267 0.117314 0.0780735 0.0621924 0.0417768 0.0189063 0.000999791
 88 1 2 0 0 100  53.814 19.8959 9.58578 7.26113 3.59139 2.22875 1.06996 0.622572 0.495503 0.389507 0.301015 0.15932 0.130717 0.15021 0.0753691 0.0828959 0.0556415 0.0447186 0.0304513 0.0141038 0.000999791
 89 1 2 0 0 100  32.6919 40.7955 12.2175 5.52729 3.05371 2.07195 1.06323 0.634439 0.507081 0.395845 0.302364 0.158553 0.129411 0.148241 0.0743894 0.0820467 0.0553777 0.0448431 0.0308553 0.0144936 0.000999791
 90 1 2 0 0 100  26.5533 32.3509 23.5035 8.68286 2.89913 2.01479 1.09831 0.682569 0.562099 0.449124 0.348301 0.183804 0.150249 0.171979 0.0859924 0.0945883 0.0636401 0.0515 0.0355398 0.0168238 0.000999791
 91 1 2 0 0 100  37.2995 22.8975 18.2088 11.9092 4.02953 2.0268 0.969842 0.595379 0.498123 0.407912 0.32453 0.174649 0.144631 0.167637 0.0846352 0.0936277 0.06323 0.0512328 0.0353639 0.0168144 0.000999791
 92 1 2 0 0 100  42.8506 26.8237 11.8858 8.73342 4.1483 2.29934 1.00175 0.552546 0.428052 0.333642 0.25973 0.139512 0.116161 0.136076 0.0697007 0.0780514 0.0534663 0.0438428 0.0305943 0.0147153 0.000999791
 93 1 2 0 0 100  25.4858 37.9265 17.3729 8.20142 4.13206 2.72519 1.32322 0.749584 0.572326 0.428611 0.316927 0.163152 0.132146 0.151111 0.0761886 0.0848826 0.0582132 0.0481164 0.0340318 0.0165985 0.000999791
 94 1 2 0 0 100  45.001 20.7097 16.6931 8.64834 3.20377 2.07873 1.08368 0.65395 0.523302 0.404736 0.303175 0.155474 0.124465 0.139316 0.0685213 0.0745367 0.0499401 0.0405804 0.0285078 0.0141154 0.000999791
 95 1 2 0 0 100  41.0209 31.4778 11.5442 7.62832 3.3297 1.86297 0.897997 0.538144 0.438196 0.348807 0.269712 0.141741 0.115178 0.130387 0.064426 0.0698019 0.046225 0.0368522 0.0252432 0.0122886 0.000999791
 96 1 2 0 0 100  23.5543 38.5265 19.8016 8.32326 3.67189 2.34605 1.13425 0.655237 0.516646 0.402652 0.309301 0.163182 0.133669 0.153344 0.0767681 0.0841943 0.0562581 0.0449763 0.0305141 0.0143665 0.000999791
 97 1 2 0 0 100  22.424 26.4599 25.2762 13.5643 4.74614 2.78771 1.38925 0.828468 0.66329 0.517678 0.394264 0.205798 0.167319 0.190868 0.0952363 0.104703 0.0703197 0.0566837 0.0387557 0.0180717 0.000999791
 98 1 2 0 0 100  32.4054 20.8291 17.3865 14.4841 6.2633 3.4191 1.5651 0.90175 0.715263 0.559796 0.429631 0.225589 0.183941 0.210061 0.104642 0.114786 0.0768589 0.0618798 0.0424072 0.0198709 0.000999791
 99 1 2 0 0 100  42.7711 23.8717 11.0028 9.03176 5.10195 3.27401 1.55585 0.880926 0.679481 0.516929 0.388113 0.201402 0.163388 0.186101 0.0927543 0.101846 0.0683231 0.0550687 0.0377769 0.0177941 0.000999791
 100 1 2 0 0 100  27.7941 36.6744 15.0827 7.47874 4.23561 3.12138 1.66639 1.00374 0.799694 0.616777 0.462264 0.237581 0.190788 0.214578 0.105608 0.114959 0.0765245 0.0614062 0.0420276 0.0197543 0.000999791

25 #_N_age_bins
 1 2 3 4 5 6 7 8 9 10 11 12 13 14 15 16 17 18 19 20 21 22 23 24 25
1 #_N_ageerror_definitions
 -1 -1 -1 -1 -1 -1 -1 -1 -1 -1 -1 -1 -1 -1 -1 -1 -1 -1 -1 -1 -1 -1 -1 -1 -1 -1
 0.001 0.001 0.001 0.001 0.001 0.001 0.001 0.001 0.001 0.001 0.001 0.001 0.001 0.001 0.001 0.001 0.001 0.001 0.001 0.001 0.001 0.001 0.001 0.001 0.001 0.001
150 #_N_Agecomp_obs
1 #_Lbin_method: 1=poplenbins; 2=datalenbins; 3=lengths
-1 #_combine males into females at or below this bin number
#Yr Seas Flt/Svy Gender Part Ageerr Lbin_lo Lbin_hi Nsamp datavector(female-male)
 26 1 1 0 0 1 -1 -1 100  1.10031 10.0829 28.8869 10.8471 6.95969 3.91525 10.9388 5.50941 3.48931 2.8331 2.33107 2.88908 1.22151 2.29804 0.927535 1.24979 0.503682 0.459883 0.955767 0.52964 0.297721 0.216294 0.388885 0.174053 0.994318
 27 1 1 0 0 1 -1 -1 100  1.45307 11.9845 14.2266 23.5411 8.83137 5.66638 3.18776 8.90594 4.48564 2.84098 2.30673 1.89801 2.35231 0.994667 1.87112 0.755332 1.0177 0.410256 0.374597 0.77832 0.431391 0.242575 0.176281 0.316798 0.950614
 28 1 1 0 0 1 -1 -1 100  0.737964 15.338 16.2374 11.1328 18.4041 6.9043 4.43001 2.4923 6.96258 3.50694 2.2212 1.80354 1.48402 1.83917 0.777815 1.463 0.590712 0.79582 0.320943 0.293067 0.608686 0.337468 0.189857 0.138031 0.990278
 29 1 1 0 0 1 -1 -1 100  2.14872 7.89441 21.635 13.2286 9.06128 14.9792 5.61958 3.60576 2.02867 5.66702 2.85447 1.80802 1.46808 1.20802 1.49708 0.633248 1.19092 0.480966 0.647904 0.261402 0.238714 0.495598 0.274852 0.154712 0.91772
 30 1 1 0 0 1 -1 -1 100  4.85318 20.4432 9.8591 15.6058 9.53304 6.52994 10.7945 4.0498 2.59863 1.46216 4.08399 2.05724 1.30315 1.0582 0.870792 1.07909 0.456605 0.858466 0.346869 0.467167 0.188649 0.1723 0.357415 0.198343 0.772382
 31 1 1 0 0 1 -1 -1 100  4.66938 35.3388 19.2949 5.37473 8.49917 5.19197 3.55653 5.87891 2.2059 1.41562 0.796718 2.22451 1.12079 0.710128 0.576728 0.474672 0.588109 0.249114 0.467961 0.189354 0.254867 0.103191 0.0942875 0.195099 0.52856
 32 1 1 0 0 1 -1 -1 100  3.44256 32.8861 32.1552 10.1403 2.82231 4.46265 2.72632 1.8677 3.08697 1.1586 0.743691 0.418761 1.16837 0.588902 0.3733 0.303264 0.249683 0.309239 0.131263 0.246161 0.0998887 0.134284 0.0546517 0.0499774 0.379888
 33 1 1 0 0 1 -1 -1 100  2.60296 26.9684 33.2534 18.7792 5.91674 1.64706 2.6041 1.59106 1.09011 1.80148 0.676389 0.434315 0.244738 0.68209 0.344005 0.218215 0.177353 0.146092 0.180839 0.0770008 0.144037 0.0586959 0.0787637 0.0323028 0.250639
 34 1 1 0 0 1 -1 -1 100  2.17202 22.4719 30.049 21.3999 12.0738 3.80428 1.05927 1.67455 1.02326 0.701194 1.15854 0.435212 0.279581 0.157701 0.438877 0.22152 0.140649 0.114379 0.0942808 0.11662 0.0498616 0.0929602 0.0380933 0.0509953 0.181624
 35 1 1 0 0 1 -1 -1 100  4.66609 19.0996 25.9663 20.0541 14.2683 8.05021 2.53673 0.706571 1.1168 0.682566 0.467836 0.772759 0.290499 0.186736 0.105476 0.292943 0.148026 0.0941072 0.0765923 0.0631926 0.0780872 0.0335773 0.0623125 0.0257312 0.154762
 36 1 1 0 0 1 -1 -1 100  2.24682 35.6945 18.7814 14.7475 11.3789 8.09602 4.56797 1.43973 0.401328 0.634083 0.387707 0.265873 0.438881 0.165256 0.106383 0.0602776 0.166643 0.0844199 0.0538273 0.0438897 0.036287 0.044738 0.0194838 0.0357878 0.102276
 37 1 1 0 0 1 -1 -1 100  2.26253 19.088 39.253 11.9291 9.35804 7.22049 5.13744 2.89883 0.913901 0.255015 0.402703 0.246373 0.169067 0.278844 0.105223 0.0678675 0.0386127 0.106104 0.0539315 0.03452 0.0282144 0.0233903 0.0287527 0.0127284 0.087337
 38 1 1 0 0 1 -1 -1 100  1.38206 21.1361 22.9313 27.2359 8.26936 6.48709 5.00539 3.56146 2.00971 0.633802 0.177077 0.279451 0.171087 0.1175 0.193595 0.0732453 0.0473509 0.0270722 0.0738556 0.037691 0.0242353 0.0198644 0.0165205 0.0202377 0.0689783
 39 1 1 0 0 1 -1 -1 100  2.65711 13.4694 26.917 16.8669 20.0139 6.07672 4.76708 3.6783 2.61728 1.47703 0.465992 0.130384 0.20561 0.125982 0.0866058 0.142521 0.0540869 0.0350594 0.0201582 0.0545355 0.0279612 0.0180737 0.0148619 0.0124048 0.0650891
 40 1 1 0 0 1 -1 -1 100  3.5647 23.9595 15.7745 18.207 11.3982 13.5246 4.10664 3.22166 2.48592 1.76894 0.998419 0.315216 0.0884306 0.139264 0.0854559 0.0588476 0.0966323 0.0368732 0.0240154 0.013946 0.0371765 0.0192189 0.0125375 0.0103671 0.0520158
 41 1 1 0 0 1 -1 -1 100  4.5552 28.0611 24.5381 9.33104 10.7595 6.73592 7.99249 2.42714 1.90418 1.46941 1.04573 0.590403 0.186679 0.0526651 0.0827039 0.0509073 0.0351838 0.0575119 0.0221984 0.0146004 0.00865014 0.0223778 0.0117661 0.00781781 0.0366829
 42 1 1 0 0 1 -1 -1 100  2.76116 33.5993 26.6677 13.4688 5.11712 5.90038 3.69405 4.38308 1.33136 1.04459 0.806191 0.573868 0.324195 0.102816 0.0293301 0.0458016 0.0283662 0.0197443 0.0319879 0.0126239 0.00845762 0.00519481 0.0127223 0.00690345 0.0243055
 43 1 1 0 0 1 -1 -1 100  2.81068 22.604 35.6264 16.3317 8.24077 3.13108 3.61028 2.26043 2.68198 0.814922 0.639478 0.493621 0.351484 0.198732 0.0632913 0.0183324 0.0284099 0.0177428 0.0124678 0.0199586 0.00811155 0.00556256 0.00356634 0.00817178 0.0188707
 44 1 1 0 0 1 -1 -1 100  1.72529 24.5304 25.3848 23.1079 10.5831 5.34022 2.02923 2.33974 1.46507 1.73823 0.528405 0.414721 0.320209 0.228107 0.129127 0.0413635 0.012231 0.018761 0.0118489 0.00843089 0.0132848 0.00560809 0.00395639 0.00266287 0.0172274
 45 1 1 0 0 1 -1 -1 100  1.95868 16.2436 29.9037 17.8729 16.2543 7.44429 3.75654 1.42763 1.64604 1.03081 1.22294 0.37197 0.292005 0.225527 0.160744 0.0911225 0.0293911 0.00889968 0.0134928 0.00863095 0.00622674 0.00964092 0.00424122 0.00307943 0.0135842
 46 1 1 0 0 1 -1 -1 100  2.21057 18.8319 20.2097 21.4885 12.8311 11.669 5.34443 2.69705 1.02516 1.18195 0.740282 0.878213 0.267313 0.209908 0.162184 0.115678 0.0656976 0.0213815 0.00667101 0.00996837 0.00647811 0.00475216 0.00720317 0.00332678 0.0115271
 47 1 1 0 0 1 -1 -1 100  3.8653 20.0048 22.2595 13.7971 14.6561 8.75142 7.95882 3.64533 1.83976 0.699496 0.806432 0.505205 0.599276 0.182631 0.14348 0.110931 0.0792124 0.0451251 0.0149005 0.00486767 0.00711656 0.00473612 0.00355899 0.00523065 0.00976691
 48 1 1 0 0 1 -1 -1 100  1.38146 31.5903 20.9672 13.4749 8.34434 8.86371 5.29286 4.81352 2.20492 1.113 0.423418 0.488088 0.305919 0.36281 0.110842 0.087165 0.0674811 0.0482992 0.0276848 0.00940634 0.00333891 0.00469894 0.00325936 0.00254748 0.00886054
 49 1 1 0 0 1 -1 -1 100  2.97648 12.6376 37.9295 14.5401 9.33564 5.78114 6.14095 3.66712 3.33504 1.52784 0.771373 0.293644 0.338447 0.212243 0.251656 0.0770966 0.0606937 0.0470571 0.0337682 0.0194868 0.00682374 0.00262029 0.00356251 0.00256519 0.00751796
 50 1 1 0 0 1 -1 -1 100  4.54364 25.897 14.3273 24.8359 9.51183 6.10725 3.78207 4.01744 2.39919 2.18196 0.999782 0.504938 0.192433 0.22174 0.139184 0.164966 0.0507785 0.0400485 0.0311282 0.0224352 0.0130931 0.00480953 0.00205983 0.0026762 0.00628777
 51 1 1 0 0 1 -1 -1 100  3.51716 33.5217 24.6858 7.88823 13.6605 5.23204 3.35949 2.08062 2.21007 1.32002 1.20054 0.550337 0.278169 0.106289 0.122408 0.0770023 0.0911826 0.0283785 0.0224769 0.0175707 0.0127895 0.00765122 0.00309518 0.00158281 0.00483034
 52 1 1 0 0 1 -1 -1 100  2.09849 27.519 33.7665 14.3619 4.58517 7.94004 3.04132 1.95298 1.20969 1.28493 0.767624 0.698183 0.320278 0.162093 0.0621947 0.0715634 0.045173 0.0534148 0.0169125 0.0134825 0.0106309 0.00785209 0.00486567 0.00221764 0.00356505
 53 1 1 0 0 1 -1 -1 100  4.42873 18.1466 31.262 22.155 9.41433 3.00582 5.20486 1.99386 1.28048 0.79327 0.842587 0.503504 0.457987 0.21028 0.106593 0.0411117 0.0472527 0.0299544 0.0353567 0.0114302 0.00918195 0.00731282 0.00549134 0.0035338 0.0034796
 54 1 1 0 0 1 -1 -1 100  4.53544 33.6133 17.8592 17.7699 12.5813 5.3464 1.7073 2.95603 1.13265 0.727555 0.450893 0.478898 0.286348 0.260501 0.11984 0.060961 0.0237775 0.0272647 0.0174418 0.0205095 0.00692277 0.00564607 0.00458468 0.00355034 0.00384696
 55 1 1 0 0 1 -1 -1 100  2.84222 32.7083 31.2509 9.59013 9.53305 6.74962 2.86849 0.916329 1.5862 0.608065 0.390754 0.242341 0.257364 0.154072 0.140207 0.0647506 0.0331654 0.0132187 0.0150894 0.00981997 0.0114657 0.00417712 0.00349225 0.00292288 0.00389541
 56 1 1 0 0 1 -1 -1 100  2.53156 23.3161 34.6879 19.1419 5.86883 5.83384 4.1306 1.75567 0.561107 0.971014 0.372474 0.239497 0.148681 0.157873 0.0946677 0.0861833 0.0400101 0.0206826 0.00847676 0.00962148 0.00639703 0.00740408 0.00294406 0.00252497 0.00394851
 57 1 1 0 0 1 -1 -1 100  1.51531 22.5897 26.7602 22.9939 12.6768 3.88684 3.86367 2.73574 1.16299 0.371918 0.643369 0.247 0.158939 0.0987979 0.104886 0.0630292 0.0574106 0.0268335 0.0140343 0.00595124 0.00670932 0.004574 0.0052409 0.00228734 0.0039626
 58 1 1 0 0 1 -1 -1 100  2.75207 14.4725 28.1605 19.2673 16.5398 9.11858 2.79605 2.77938 1.96807 0.836811 0.267798 0.46305 0.177945 0.114604 0.0713451 0.0757241 0.0456171 0.0415757 0.0195818 0.0103754 0.00456134 0.00510663 0.0035707 0.00405041 0.00405712
 59 1 1 0 0 1 -1 -1 100  5.67072 23.7596 16.4052 18.4366 12.6023 10.8182 5.96438 1.82911 1.81821 1.28757 0.547664 0.1755 0.303205 0.116732 0.075303 0.0470094 0.0498734 0.0301819 0.0275386 0.0131534 0.00713196 0.00332923 0.00368589 0.00268131 0.0049948
 60 1 1 0 0 1 -1 -1 100  3.14101 39.2955 21.205 8.45658 9.49458 6.4901 5.57138 3.07186 0.942393 0.936779 0.663523 0.282506 0.090859 0.156621 0.0605962 0.0392625 0.0246926 0.0261675 0.0160272 0.0146661 0.00725836 0.00415757 0.00219934 0.002383 0.003923
 61 1 1 0 0 1 -1 -1 100  4.49906 23.7905 38.8514 12.109 4.82473 5.41684 3.70286 3.17875 1.75285 0.538039 0.534836 0.378951 0.161591 0.052262 0.0897776 0.0349979 0.0228276 0.0145159 0.0153573 0.00957255 0.00879607 0.00457014 0.00280122 0.00168409 0.00345654
 62 1 1 0 0 1 -1 -1 100  1.47801 34.4694 23.3726 22.045 6.8646 2.73538 3.07101 2.09943 1.80233 0.994047 0.305425 0.303609 0.215244 0.0920324 0.0300582 0.0513242 0.0202719 0.0133731 0.0086615 0.00913846 0.00585934 0.00541919 0.00302367 0.00202094 0.00278036
 63 1 1 0 0 1 -1 -1 100  2.50125 13.3396 40.6028 15.9013 14.9837 4.66597 1.85946 2.08759 1.42723 1.22531 0.675941 0.207907 0.206673 0.146615 0.0628716 0.0207498 0.0352036 0.0140984 0.00940951 0.00620721 0.00653139 0.00430267 0.00400352 0.00237536 0.00290408
 64 1 1 0 0 1 -1 -1 100  3.47484 22.8882 15.8618 27.885 10.9103 10.2807 3.20164 1.2761 1.43261 0.979541 0.840998 0.464078 0.142959 0.142112 0.100906 0.0434501 0.0145503 0.0244671 0.00998679 0.00676972 0.00457261 0.00479505 0.00326591 0.00306066 0.00325016
 65 1 1 0 0 1 -1 -1 100  3.0196 28.2603 24.0527 9.62755 16.9087 6.61588 6.23409 1.94171 0.774155 0.869058 0.594339 0.510333 0.281787 0.0870769 0.0865635 0.0615782 0.0267396 0.00921615 0.0152292 0.00644907 0.0044984 0.00316617 0.00330105 0.00237385 0.00361398
 66 1 1 0 0 1 -1 -1 100  5.18843 24.0299 29.4455 14.4747 5.78847 10.1658 3.97782 3.74829 1.16774 0.465815 0.522869 0.35771 0.307207 0.169807 0.0527486 0.05244 0.0374191 0.0164744 0.00593939 0.00955444 0.00427585 0.00310312 0.0023022 0.00238329 0.00339755
 67 1 1 0 0 1 -1 -1 100  3.94138 36.714 21.9737 15.5516 7.63771 3.05459 5.36414 2.09925 1.97815 0.616597 0.246246 0.276349 0.189208 0.162561 0.0900659 0.0283036 0.0281407 0.0202154 0.0091645 0.00360602 0.00551341 0.0027283 0.00210954 0.00168696 0.0029949
 68 1 1 0 0 1 -1 -1 100  3.73973 28.878 34.8542 12.0486 8.51916 4.18413 1.67365 2.93875 1.15035 1.08401 0.338203 0.135337 0.151826 0.104093 0.0894974 0.0497871 0.0159558 0.0158667 0.0115254 0.00547214 0.00242738 0.00347219 0.0019466 0.00160766 0.00246908
 69 1 1 0 0 1 -1 -1 100  4.42714 28.477 28.5841 19.9257 6.88172 4.86592 2.39008 0.95629 1.67881 0.65742 0.619533 0.193584 0.0777227 0.0871402 0.0598788 0.0515427 0.0288633 0.00954153 0.00949061 0.00701123 0.00355404 0.00181511 0.00241183 0.00154052 0.00218614
 70 1 1 0 0 1 -1 -1 100  3.21133 32.6973 27.1529 15.7416 10.963 3.78653 2.6775 1.31539 0.526567 0.924073 0.362139 0.341294 0.106953 0.04321 0.0483911 0.0333929 0.0288067 0.0163293 0.00569914 0.00567113 0.00430707 0.00240504 0.00144834 0.00177664 0.00194999
 71 1 1 0 0 1 -1 -1 100  1.72734 25.9204 33.9411 16.2792 9.42884 6.56662 2.26832 1.60407 0.788243 0.315784 0.553868 0.217301 0.204817 0.0644594 0.0262813 0.0293845 0.0204014 0.0176546 0.0101813 0.00381443 0.00379766 0.00298066 0.00184145 0.00126843 0.00203422
 72 1 1 0 0 1 -1 -1 100  3.01557 15.8573 31.0651 23.494 11.2578 6.52055 4.54126 1.5689 1.10956 0.545395 0.21868 0.383319 0.150576 0.141943 0.0448834 0.0184824 0.0206284 0.0144164 0.0125169 0.00734902 0.00294617 0.00293457 0.0023696 0.00158181 0.00190092
 73 1 1 0 0 1 -1 -1 100  3.45373 26.1284 17.8117 20.1535 15.2272 7.29668 4.2264 2.94359 1.01717 0.719469 0.353828 0.14208 0.248785 0.0979421 0.0923468 0.0294412 0.0123305 0.0137213 0.00969528 0.00846419 0.0051148 0.00226125 0.00225374 0.00188758 0.00196107
 74 1 1 0 0 1 -1 -1 100  2.37562 27.9564 27.2595 10.733 12.1324 9.16682 4.39281 2.54458 1.77237 0.612709 0.4335 0.213393 0.0859266 0.15016 0.0593565 0.0559883 0.0181208 0.00782057 0.00865782 0.00623425 0.00549317 0.00347692 0.00175915 0.00175463 0.00211291
 75 1 1 0 0 1 -1 -1 100  3.29141 20.434 31.2772 17.6144 6.92893 7.83225 5.91785 2.83607 1.64297 1.14448 0.395879 0.280193 0.138107 0.0558229 0.0972878 0.038671 0.0364968 0.012052 0.00540284 0.00594332 0.00437882 0.00390043 0.00259886 0.00148997 0.00220566
 76 1 1 0 0 1 -1 -1 100  4.95257 26.7381 21.6512 19.1407 10.7693 4.23649 4.78875 3.61835 1.73426 1.00484 0.700081 0.242415 0.171689 0.0848221 0.0345167 0.0598668 0.0240306 0.0227014 0.00775672 0.00369165 0.00402209 0.00306561 0.00277314 0.0019774 0.00203672
 77 1 1 0 0 1 -1 -1 100  5.78596 34.3934 24.1705 11.3043 9.98407 5.61759 2.21017 2.49821 1.88776 0.905041 0.524588 0.36563 0.126918 0.0900283 0.0447202 0.0184817 0.0317039 0.0130123 0.012319 0.00452409 0.00240381 0.00257617 0.00207728 0.00192473 0.00205057
 78 1 1 0 0 1 -1 -1 100  4.77261 37.4394 28.8315 11.7027 5.46829 4.82965 2.71765 1.06954 1.20886 0.913592 0.438269 0.25425 0.177365 0.0619042 0.0440614 0.0221466 0.00945547 0.0158509 0.00681005 0.00647472 0.00270443 0.00167888 0.00176224 0.00152094 0.00195543
 79 1 1 0 0 1 -1 -1 100  2.40374 33.5492 33.8637 15.0618 6.10804 2.85431 2.52101 1.41878 0.558656 0.631366 0.477269 0.229205 0.133168 0.0930423 0.032785 0.023473 0.012036 0.00541268 0.00875037 0.00403208 0.00385708 0.0018894 0.00135418 0.00139769 0.00177052
 80 1 1 0 0 1 -1 -1 100  3.66346 19.9586 36.3308 21.1801 9.41163 3.8169 1.78385 1.57559 0.886882 0.349443 0.394875 0.29859 0.14359 0.0835829 0.0585112 0.0208603 0.0150419 0.00789561 0.00375711 0.00584263 0.00289447 0.00278512 0.00155564 0.00122121 0.00173002
 81 1 1 0 0 1 -1 -1 100  4.48732 29.1846 20.6663 21.7274 12.6547 5.62343 2.28083 1.06617 0.941746 0.530274 0.209179 0.236322 0.178796 0.086191 0.0503394 0.0353602 0.0128655 0.00938929 0.00511972 0.00264716 0.00389317 0.00213176 0.00206644 0.00133187 0.00156838
 82 1 1 0 0 1 -1 -1 100  1.53345 33.6234 28.0455 11.4705 12.0479 7.01714 3.11849 1.2651 0.591609 0.522619 0.294468 0.116429 0.13148 0.0995831 0.048236 0.0283573 0.0200517 0.00757902 0.00565154 0.00328418 0.0019132 0.00260408 0.00162743 0.00159121 0.0014992
 83 1 1 0 0 1 -1 -1 100  6.04868 12.9567 38.3244 18.4629 7.54421 7.92386 4.61531 2.05128 0.832363 0.389426 0.344053 0.194005 0.0769143 0.0868124 0.065835 0.0320656 0.018992 0.0135297 0.00532675 0.0040591 0.00250216 0.0016005 0.00205488 0.00141256 0.00171722
 84 1 1 0 0 1 -1 -1 100  2.44443 43.01 11.8336 20.2162 9.73012 3.97611 4.17617 2.43264 1.08145 0.43911 0.205692 0.181781 0.102709 0.041005 0.0462211 0.0351665 0.0173708 0.0104813 0.00760277 0.00327999 0.00261197 0.00179149 0.00131634 0.00155579 0.00159539
 85 1 1 0 0 1 -1 -1 100  2.63233 19.6616 44.8627 7.12933 12.1676 5.85646 2.39342 2.51382 1.46448 0.651269 0.264676 0.124193 0.109803 0.0622134 0.0250769 0.0282162 0.021563 0.0108527 0.00670621 0.00497378 0.00237212 0.00197007 0.00147626 0.00119029 0.0016929
 86 1 1 0 0 1 -1 -1 100  1.44396 23.7531 22.7921 30.0366 4.76897 8.13887 3.91753 1.60121 1.68175 0.979874 0.435944 0.177364 0.0833999 0.0737745 0.0419436 0.0171042 0.019204 0.0147539 0.00759006 0.00481664 0.00365787 0.00191769 0.00164877 0.00131848 0.00159083
 87 1 1 0 0 1 -1 -1 100  8.97449 12.2257 27.9645 15.498 20.4044 3.23988 5.52906 2.6615 1.08802 1.14273 0.665949 0.296457 0.120804 0.0569741 0.0504356 0.0288129 0.0119395 0.0133659 0.0103429 0.00547657 0.00359257 0.00280542 0.00162331 0.00144064 0.0016178
 88 1 1 0 0 1 -1 -1 100  3.83612 52.6128 9.2241 12.1859 6.74724 8.88303 1.41095 2.40747 1.15917 0.474203 0.498019 0.290465 0.129618 0.0531529 0.0253665 0.0225202 0.0131074 0.00576204 0.006383 0.00506705 0.00294861 0.00212847 0.0017858 0.0012712 0.00146073
 89 1 1 0 0 1 -1 -1 100  2.08629 27.1234 47.8985 4.85052 6.40169 3.54476 4.66667 0.741638 1.2651 0.609379 0.24957 0.26208 0.153054 0.0685621 0.0283954 0.0137994 0.0123043 0.00735982 0.00350136 0.00382754 0.00313628 0.00202348 0.00159266 0.00141266 0.0013845
 90 1 1 0 0 1 -1 -1 100  3.13009 18.4749 31.2688 31.8925 3.22686 4.25864 2.35825 3.10453 0.49366 0.841862 0.405684 0.166345 0.174666 0.102144 0.0459411 0.0192229 0.00951391 0.00851936 0.00523038 0.00266378 0.00288076 0.00242095 0.00168072 0.00139415 0.00153035
 91 1 1 0 0 1 -1 -1 100  6.12775 25.5497 19.8052 19.3602 19.7275 1.99633 2.63453 1.45906 1.92067 0.305731 0.521109 0.251314 0.103273 0.10842 0.0635616 0.0287979 0.0122716 0.00626613 0.00565096 0.00361658 0.00202903 0.00216324 0.00187883 0.00142097 0.00157191
 92 1 1 0 0 1 -1 -1 100  1.53515 41.7422 22.298 9.98322 9.74962 9.93446 1.00577 1.32714 0.735219 0.967665 0.15445 0.262905 0.127048 0.0525001 0.055092 0.0325033 0.0149978 0.00667578 0.00365169 0.00334192 0.00231749 0.00151806 0.00158564 0.00144242 0.00149999
 93 1 1 0 0 1 -1 -1 100  4.98824 12.6913 46.1301 14.2325 6.36623 6.21721 6.33507 0.64169 0.846612 0.469174 0.617393 0.0988472 0.168003 0.081374 0.0338389 0.0354917 0.021088 0.00992559 0.00461908 0.00269076 0.00249324 0.00184001 0.00133025 0.00137335 0.00160101
 94 1 1 0 0 1 -1 -1 100  5.68663 36.7068 12.1394 25.4845 7.8555 3.514 3.43176 3.4968 0.3546 0.467697 0.259387 0.34119 0.0550022 0.0931697 0.0453586 0.0191238 0.020036 0.0120866 0.00592598 0.00299728 0.00193303 0.00182402 0.0014635 0.00118216 0.00153779
 95 1 1 0 0 1 -1 -1 100  2.09896 37.9451 31.4558 6.00868 12.6015 3.88467 1.73801 1.69734 1.7295 0.175837 0.231759 0.12876 0.169207 0.0277013 0.0465732 0.022933 0.00996122 0.0104123 0.00648165 0.00343554 0.00198744 0.00146122 0.00140731 0.00122905 0.00135598
 96 1 1 0 0 1 -1 -1 100  1.63789 18.0156 42.0149 20.1163 3.83924 8.05123 2.4822 1.11074 1.08476 1.10531 0.1127 0.148427 0.0826231 0.108464 0.0180588 0.0301158 0.0150125 0.00672508 0.00701324 0.00450205 0.00255594 0.00163077 0.00129457 0.00126014 0.00137384
 97 1 1 0 0 1 -1 -1 100  2.33172 15.9979 22.8458 30.7723 14.7195 2.80944 5.89135 1.8165 0.812998 0.793987 0.809021 0.0827309 0.108872 0.0607235 0.0796313 0.0134819 0.022304 0.0112529 0.00518898 0.00539984 0.00356239 0.00213842 0.00146147 0.00121548 0.00146401
 98 1 1 0 0 1 -1 -1 100  5.61074 20.6555 18.682 15.4089 20.7352 9.91846 1.89335 3.96996 1.22429 0.54813 0.53532 0.54545 0.0560708 0.0736849 0.041242 0.0539822 0.0094103 0.0153547 0.00790842 0.00382249 0.00396457 0.00272649 0.001767 0.00131086 0.00145794
 99 1 1 0 0 1 -1 -1 100  2.54677 39.8004 18.8364 9.84003 8.10835 10.9108 5.21934 0.996708 2.08937 0.644669 0.288887 0.282146 0.287476 0.0299768 0.039245 0.0221743 0.0288779 0.00542519 0.00855301 0.00463494 0.00248502 0.00255978 0.00190833 0.00140346 0.00140455
 100 1 1 0 0 1 -1 -1 100  2.60086 20.6477 41.7976 11.4254 5.96302 4.91365 6.61181 3.16305 0.604349 1.26645 0.39103 0.175444 0.17136 0.17459 0.0185584 0.0241744 0.0138304 0.0178925 0.00368135 0.00557666 0.0032025 0.00189975 0.00194506 0.00155031 0.00148967
 26 1 2 0 0 1 -1 -1 100  2.66885 13.2751 27.3507 10.2634 6.58515 3.70457 10.3501 5.21292 3.30155 2.68066 2.20565 2.73362 1.15581 2.1744 0.877664 1.18257 0.476624 0.435183 0.904376 0.501185 0.28175 0.204705 0.368007 0.164738 0.940851
 27 1 2 0 0 1 -1 -1 100  3.45823 15.593 13.3113 22.0117 8.25764 5.29828 2.98071 8.32735 4.19426 2.65646 2.15692 1.77475 2.19953 0.930105 1.74961 0.70632 0.951637 0.383664 0.350323 0.727814 0.403426 0.226879 0.164892 0.296279 0.888913
 28 1 2 0 0 1 -1 -1 100  1.78853 19.91 15.1576 10.3855 17.1685 6.44083 4.13266 2.32505 6.4952 3.27156 2.07215 1.68253 1.38445 1.71576 0.725662 1.36484 0.55112 0.742457 0.299463 0.273458 0.567887 0.314877 0.177178 0.12883 0.923858
 29 1 2 0 0 1 -1 -1 100  5.22811 10.3119 20.3232 12.4181 8.50612 14.0614 5.2753 3.38488 1.90442 5.31983 2.67963 1.69729 1.37819 1.13406 1.40541 0.594507 1.118 0.451556 0.608264 0.245446 0.224148 0.465291 0.258072 0.145293 0.861547
 30 1 2 0 0 1 -1 -1 100  10.7754 24.6041 8.5331 13.4978 8.24531 5.64791 9.33632 3.50283 2.2477 1.26476 3.5324 1.77945 1.12724 0.915373 0.753287 0.933447 0.395055 0.742626 0.300144 0.40419 0.163299 0.149158 0.309265 0.171683 0.668171
 31 1 2 0 0 1 -1 -1 100  9.86902 40.5934 15.9387 4.437 7.01618 4.2861 2.93607 4.85317 1.82113 1.16876 0.657859 1.83649 0.925376 0.586379 0.476258 0.392012 0.485653 0.205816 0.386472 0.156485 0.210565 0.0853575 0.0780079 0.161227 0.436496
 32 1 2 0 0 1 -1 -1 100  7.44668 38.6939 27.2074 8.57437 2.38656 3.77355 2.3054 1.57939 2.61035 0.97981 0.628983 0.354238 0.988072 0.498101 0.315799 0.25658 0.211274 0.261632 0.111144 0.208296 0.0846153 0.113698 0.0463652 0.0424128 0.321368
 33 1 2 0 0 1 -1 -1 100  5.80744 32.7349 29.0268 16.3813 5.16131 1.43686 2.27169 1.38801 0.951029 1.57156 0.590143 0.378981 0.213613 0.595115 0.300203 0.190476 0.154833 0.127564 0.157874 0.0672954 0.125771 0.0513281 0.0688332 0.0283054 0.21876
 34 1 2 0 0 1 -1 -1 100  5.01804 27.849 26.7799 19.059 10.753 3.3882 0.943492 1.49147 0.911426 0.624593 1.03191 0.387709 0.249104 0.140558 0.390973 0.197395 0.125371 0.101975 0.0840757 0.103971 0.0445161 0.0828996 0.0340352 0.0455257 0.161863
 35 1 2 0 0 1 -1 -1 100  10.3706 23.165 22.6478 17.4795 12.4364 7.01671 2.21115 0.615978 0.973533 0.595055 0.407895 0.673667 0.253328 0.162888 0.0920614 0.255458 0.129148 0.0821524 0.0668863 0.0552072 0.0681893 0.0293944 0.05444 0.0225557 0.135019
 36 1 2 0 0 1 -1 -1 100  4.90179 42.2702 15.9945 12.5508 9.6839 6.89008 3.88762 1.2254 0.34169 0.539771 0.330098 0.226414 0.373649 0.140786 0.0906838 0.0514468 0.141967 0.0719925 0.0459574 0.0375002 0.0310301 0.0382222 0.0167302 0.0306053 0.0871886
 37 1 2 0 0 1 -1 -1 100  5.19741 23.927 35.3841 10.7462 8.43005 6.50449 4.62803 2.61143 0.823363 0.229823 0.362863 0.222038 0.152399 0.251288 0.0948869 0.0612357 0.0348823 0.0956798 0.0486819 0.0311955 0.0255153 0.0211697 0.0260003 0.0115651 0.0787743
 38 1 2 0 0 1 -1 -1 100  3.22986 26.6214 20.7704 24.6527 7.48508 5.87186 4.5307 3.22374 1.81917 0.573778 0.160376 0.253038 0.154953 0.106449 0.175326 0.0663924 0.0429543 0.0245991 0.0669448 0.0342106 0.0220313 0.018075 0.0150483 0.0184129 0.0625301
 39 1 2 0 0 1 -1 -1 100  6.23974 17.1218 24.6058 15.4083 18.2831 5.55127 4.35489 3.36027 2.39101 1.34938 0.425777 0.119194 0.187914 0.115173 0.0792022 0.130282 0.0494956 0.0321137 0.0185013 0.0499054 0.0256294 0.0165971 0.013663 0.0114184 0.0595462
 40 1 2 0 0 1 -1 -1 100  7.97962 28.9896 13.7255 15.8314 9.91095 11.7599 3.5709 2.80139 2.16166 1.53824 0.868266 0.274214 0.0770217 0.121222 0.0744351 0.051299 0.0841532 0.032192 0.0210121 0.0122567 0.0324557 0.0168415 0.0110319 0.00914478 0.0453586
 41 1 2 0 0 1 -1 -1 100  9.85461 33.0661 20.7935 7.90188 9.11152 5.70424 6.76833 2.0555 1.61264 1.24447 0.885691 0.500116 0.158236 0.0447508 0.0701881 0.0432623 0.0299473 0.0488551 0.0189511 0.012517 0.00747821 0.019103 0.0101168 0.00677339 0.0312167
 42 1 2 0 0 1 -1 -1 100  6.02782 39.7913 22.7117 11.4632 4.3552 5.02181 3.14406 3.73048 1.13323 0.889177 0.686278 0.488553 0.276063 0.0876525 0.025111 0.0391295 0.0242907 0.0169528 0.0273729 0.0108928 0.00734695 0.00457006 0.0109765 0.00602423 0.0208346
 43 1 2 0 0 1 -1 -1 100  6.33327 27.7768 31.4829 14.4226 7.2775 2.76516 3.18834 1.99629 2.36856 0.71977 0.564836 0.436031 0.31051 0.175616 0.056009 0.0163061 0.0252054 0.0157854 0.0111272 0.0177421 0.00728013 0.00502913 0.00326629 0.00733332 0.0167814
 44 1 2 0 0 1 -1 -1 100  3.93784 30.3899 22.6155 20.5732 9.42219 4.75449 1.80673 2.08318 1.30446 1.54765 0.470548 0.369335 0.28519 0.203192 0.115071 0.0369354 0.0109989 0.0168125 0.0106587 0.00761566 0.011937 0.00510254 0.00363203 0.00248042 0.0154472
 45 1 2 0 0 1 -1 -1 100  4.58641 20.6529 27.3421 16.331 14.8519 6.80208 3.4325 1.30454 1.50411 0.941952 1.11751 0.339962 0.266897 0.206154 0.146961 0.0833465 0.0269414 0.00821805 0.0124149 0.00797251 0.00577574 0.00889533 0.00396154 0.00289999 0.0124984
 46 1 2 0 0 1 -1 -1 100  5.14716 23.6322 18.2381 19.3791 11.5716 10.5235 4.81985 2.43236 0.924612 1.06601 0.667703 0.792093 0.241168 0.189399 0.14636 0.104419 0.0593459 0.0193805 0.00611423 0.00908787 0.00594027 0.00438376 0.00659415 0.00309832 0.0104936
 47 1 2 0 0 1 -1 -1 100  8.64244 24.4565 19.5697 12.1218 12.8764 7.6888 6.99244 3.20277 1.61646 0.614673 0.708623 0.443975 0.526623 0.160574 0.126177 0.0975811 0.0697144 0.0397666 0.0132125 0.00439796 0.00637374 0.00428238 0.0032482 0.00471686 0.00870223
 48 1 2 0 0 1 -1 -1 100  3.12364 38.3637 18.3111 11.7601 7.28245 7.73572 4.61934 4.20101 1.92442 0.971467 0.369655 0.426094 0.267111 0.31676 0.0968616 0.0761983 0.0590196 0.0422791 0.0242884 0.00833639 0.00304119 0.00422812 0.00297176 0.00235049 0.00786005
 49 1 2 0 0 1 -1 -1 100  6.99518 16.0346 34.6084 13.2581 8.51251 5.27145 5.59953 3.34383 3.04104 1.3932 0.703441 0.267839 0.30869 0.193615 0.229553 0.0703863 0.0554298 0.0429956 0.0308786 0.0178566 0.00631016 0.00247739 0.00333652 0.00242714 0.00694317
 50 1 2 0 0 1 -1 -1 100  9.92286 30.7362 12.2286 21.1835 8.11306 5.20919 3.22598 3.42674 2.04648 1.8612 0.852889 0.430823 0.164278 0.189275 0.118861 0.140851 0.0434573 0.0343055 0.0266971 0.0192827 0.0113145 0.00424921 0.00190392 0.00242964 0.00551004
 51 1 2 0 0 1 -1 -1 100  7.57031 39.3283 20.8273 6.65091 11.5176 4.41138 2.8326 1.75437 1.86351 1.11309 1.01236 0.464156 0.234686 0.0897712 0.103362 0.0650788 0.0770345 0.0240832 0.0191075 0.014971 0.0109399 0.00660772 0.00276644 0.00149134 0.00422939
 52 1 2 0 0 1 -1 -1 100  4.76807 33.548 29.6024 12.5824 4.01711 6.95626 2.66457 1.71109 1.05991 1.12583 0.672626 0.61179 0.280714 0.14213 0.0546116 0.0628193 0.0396992 0.0469196 0.0149406 0.0119357 0.00943746 0.00700296 0.00438661 0.00206672 0.00324717
 53 1 2 0 0 1 -1 -1 100  9.96921 22.1362 27.424 19.422 8.25306 2.63513 4.56289 1.74801 1.12263 0.695531 0.738764 0.441512 0.401611 0.184462 0.093566 0.0361632 0.0415466 0.0263824 0.0311182 0.0101435 0.00817254 0.006534 0.00493723 0.00322118 0.00317367
 54 1 2 0 0 1 -1 -1 100  9.6414 38.9022 14.8639 14.7796 10.4642 4.44683 1.42015 2.45873 0.942208 0.605284 0.375181 0.398473 0.238327 0.21683 0.0998405 0.0508701 0.0199442 0.0228446 0.0146748 0.0172262 0.00592599 0.00486414 0.00398137 0.0031211 0.0033678
 55 1 2 0 0 1 -1 -1 100  6.20759 38.812 26.6672 8.17812 8.1294 5.75584 2.44624 0.781541 1.35277 0.518671 0.33336 0.206802 0.219612 0.131531 0.119708 0.0553628 0.0284288 0.0114194 0.0130146 0.00852113 0.00992448 0.00370923 0.00312521 0.00263968 0.003469
 56 1 2 0 0 1 -1 -1 100  5.71006 28.6917 30.6963 16.9279 5.19007 5.15912 3.65291 1.5527 0.496316 0.858806 0.329503 0.211909 0.131597 0.139727 0.0838325 0.0763295 0.0354975 0.0184057 0.00761184 0.00862415 0.00577269 0.00666324 0.00271915 0.00234854 0.0036074
 57 1 2 0 0 1 -1 -1 100  3.51357 28.2529 24.0686 20.6672 11.394 3.49361 3.47278 2.45899 1.0454 0.334382 0.578364 0.222106 0.142956 0.0889011 0.0943728 0.056752 0.051702 0.0242192 0.0127152 0.00545017 0.00613153 0.0042123 0.00481171 0.00215704 0.00366277
 58 1 2 0 0 1 -1 -1 100  6.48264 18.296 25.6013 17.5046 15.0265 8.28436 2.54032 2.52517 1.78809 0.760337 0.243387 0.420774 0.161756 0.10421 0.0649088 0.068887 0.0415347 0.0378631 0.0178816 0.00951756 0.00423546 0.00473086 0.00333547 0.00377128 0.00377738
 59 1 2 0 0 1 -1 -1 100  12.2605 27.9877 13.8969 15.6072 10.6683 9.15803 5.04913 1.54854 1.53931 1.09011 0.463763 0.148718 0.256823 0.0989692 0.0638991 0.0399479 0.0423724 0.025703 0.0234655 0.0112881 0.00619079 0.00297171 0.00327362 0.00242322 0.00438164
 60 1 2 0 0 1 -1 -1 100  6.73536 45.4269 17.6285 7.02567 7.88797 5.39194 4.62869 2.55217 0.783079 0.778415 0.551403 0.234866 0.0756519 0.130285 0.0505105 0.0327872 0.020683 0.0219082 0.0134841 0.0123533 0.00619919 0.00362316 0.00199633 0.00214891 0.00342828
 61 1 2 0 0 1 -1 -1 100  9.84522 28.4663 33.4304 10.4125 4.14885 4.65798 3.18416 2.73349 1.50738 0.46279 0.460036 0.325993 0.13909 0.0450792 0.0773382 0.0302341 0.0197691 0.012622 0.0133455 0.00837134 0.00770366 0.00406986 0.0025488 0.0015882 0.0031123
 62 1 2 0 0 1 -1 -1 100  3.29107 41.4027 20.1887 19.0292 5.92557 2.36128 2.65099 1.81234 1.55589 0.858185 0.263775 0.262208 0.185933 0.0795778 0.0260826 0.0444391 0.0176352 0.0116802 0.00761326 0.00802497 0.00519447 0.00481454 0.00274677 0.00188122 0.00253675
 63 1 2 0 0 1 -1 -1 100  5.89119 17.0009 37.2131 14.564 13.7236 4.27361 1.70315 1.91209 1.30728 1.12233 0.619173 0.190505 0.189374 0.134367 0.0576676 0.0190886 0.0323268 0.0129967 0.00870217 0.00576921 0.00606613 0.00402487 0.00375087 0.00225966 0.00274391
 64 1 2 0 0 1 -1 -1 100  7.77726 27.841 13.8751 24.3758 9.53733 8.98693 2.79883 1.11562 1.25244 0.856386 0.73528 0.405797 0.125093 0.124353 0.0883325 0.0381075 0.0128449 0.0215136 0.00885571 0.00604353 0.00412295 0.00431738 0.0029807 0.00280128 0.00296693
 65 1 2 0 0 1 -1 -1 100  6.7419 33.9366 20.7712 8.30859 14.592 5.70953 5.38005 1.6758 0.66822 0.750119 0.513041 0.440545 0.243314 0.0752828 0.0748397 0.0532778 0.0232128 0.00809035 0.0132795 0.00570241 0.00401901 0.00286933 0.00298573 0.00218557 0.00325578
 66 1 2 0 0 1 -1 -1 100  11.3053 28.4504 25.0705 12.3158 4.9252 8.64957 3.38463 3.18934 0.993709 0.396482 0.445027 0.304503 0.261532 0.144627 0.0450297 0.0447671 0.0319867 0.0141661 0.00520259 0.0082784 0.00378718 0.00278938 0.00210792 0.00217692 0.00303989
 67 1 2 0 0 1 -1 -1 100  8.38898 42.3734 18.2378 12.8989 6.335 2.53369 4.44927 1.74132 1.64087 0.511585 0.20441 0.229378 0.157102 0.135001 0.0748724 0.0236459 0.0235108 0.0169374 0.0077717 0.00316142 0.00474344 0.00243343 0.00192023 0.00156973 0.00265455
 68 1 2 0 0 1 -1 -1 100  8.20822 34.2824 29.7554 10.2792 7.26809 3.56975 1.42799 2.50728 0.981544 0.92495 0.288677 0.115607 0.129674 0.0889519 0.0764996 0.0426217 0.0137592 0.0136831 0.00997951 0.00481527 0.0022177 0.00310906 0.00180753 0.00151838 0.00225328
 69 1 2 0 0 1 -1 -1 100  9.59424 33.5606 24.2251 16.8759 5.82846 4.12122 2.02437 0.810059 1.42198 0.556938 0.524851 0.164104 0.0659784 0.0739543 0.0508659 0.0438058 0.0245981 0.00823399 0.00819086 0.00609102 0.00316304 0.0016903 0.00219568 0.00145774 0.00200453
 70 1 2 0 0 1 -1 -1 100  6.95295 38.6227 23.065 13.3628 9.3063 3.21442 2.273 1.11674 0.447137 0.784568 0.307559 0.289865 0.0909398 0.0368307 0.0412288 0.0284973 0.0246042 0.0140125 0.00498891 0.00496514 0.00380723 0.00219266 0.00138054 0.00165922 0.00180638
 71 1 2 0 0 1 -1 -1 100  3.94794 31.9462 30.0823 14.4188 8.35129 5.8162 2.00917 1.42085 0.698265 0.279806 0.490678 0.192579 0.181521 0.0572063 0.0233917 0.0261402 0.0181839 0.015751 0.0091319 0.00349272 0.00347787 0.00275425 0.00174524 0.00123772 0.00191598
 72 1 2 0 0 1 -1 -1 100  6.97648 19.8866 28.0164 21.1741 10.1462 5.87673 4.0929 1.41406 1.00009 0.491634 0.197183 0.345564 0.135805 0.128025 0.0405497 0.016756 0.01869 0.0130915 0.0113796 0.006722 0.00275395 0.0027435 0.00223432 0.00152433 0.00181193
 73 1 2 0 0 1 -1 -1 100  7.63299 31.4472 15.4164 17.4315 13.1706 6.31122 3.65565 2.54613 0.879913 0.622423 0.30617 0.123024 0.215315 0.0848476 0.0800081 0.0255995 0.0108 0.012003 0.00852073 0.00745593 0.00455896 0.00209086 0.00208436 0.00176765 0.00183122
 74 1 2 0 0 1 -1 -1 100  5.32981 33.9147 23.7811 9.35717 10.5771 7.99175 3.82978 2.21849 1.54527 0.534287 0.378053 0.186164 0.0750389 0.131037 0.051875 0.0489387 0.0159258 0.00694613 0.00767604 0.00556318 0.00491711 0.00315934 0.00166179 0.00165785 0.0019702
 75 1 2 0 0 1 -1 -1 100  7.49869 25.1134 27.6432 15.5574 6.11982 6.91763 5.22682 2.50496 1.4512 1.01093 0.349761 0.247586 0.122094 0.0494201 0.0860422 0.0342714 0.032351 0.0107612 0.00488859 0.00536595 0.00398417 0.00356165 0.0024121 0.00143272 0.00206481
 76 1 2 0 0 1 -1 -1 100  10.7842 31.4533 18.3157 16.1812 9.10418 3.58155 4.04841 3.05899 1.46624 0.849615 0.591981 0.205084 0.145294 0.0718604 0.0293339 0.050764 0.0204693 0.0193456 0.00671186 0.00327539 0.00355473 0.00274616 0.00249891 0.00182622 0.00187637
 77 1 2 0 0 1 -1 -1 100  12.1156 39.0531 19.7367 9.22457 8.14719 4.58414 1.80368 2.03873 1.54059 0.738697 0.428247 0.298538 0.103749 0.073647 0.0366756 0.015265 0.0260543 0.010802 0.0102363 0.00387561 0.00214546 0.0022861 0.00187901 0.00175453 0.00185722
 78 1 2 0 0 1 -1 -1 100  9.97602 42.6716 23.6311 9.58554 4.47908 3.95599 2.22612 0.876204 0.990319 0.748474 0.359152 0.208429 0.145455 0.0508845 0.0362701 0.0183204 0.00792554 0.0131638 0.00575877 0.00548411 0.00239599 0.001556 0.00162428 0.00142664 0.00178251
 79 1 2 0 0 1 -1 -1 100  5.3005 39.9156 28.9735 12.8782 5.22258 2.44061 2.15563 1.21322 0.477801 0.539969 0.408215 0.196117 0.114005 0.079697 0.0281764 0.0202146 0.0104359 0.00477284 0.00762659 0.00359242 0.00344279 0.00176041 0.00130279 0.00133999 0.00165877
 80 1 2 0 0 1 -1 -1 100  8.29592 24.4472 32.0023 18.6442 8.2848 3.35998 1.57037 1.38705 0.780805 0.30772 0.347712 0.262956 0.126516 0.0736943 0.0516247 0.0184821 0.0133604 0.00706988 0.00342694 0.00526273 0.00266759 0.00257134 0.00148908 0.00119469 0.00164257
 81 1 2 0 0 1 -1 -1 100  9.64789 34.3061 17.4698 18.3545 10.6902 4.75054 1.92688 0.900802 0.795694 0.448103 0.176859 0.199788 0.151193 0.0729649 0.0426793 0.0300257 0.0110233 0.00808679 0.00448009 0.00239139 0.00344395 0.00195602 0.00190083 0.00128031 0.0014801
 82 1 2 0 0 1 -1 -1 100  3.50639 40.435 24.2542 9.91326 10.4122 6.06452 2.69521 1.09347 0.511419 0.451796 0.254622 0.100757 0.113764 0.0861977 0.0418224 0.0246428 0.0174649 0.0066857 0.00501993 0.002974 0.00178917 0.00238625 0.0015422 0.0015109 0.00143139
 83 1 2 0 0 1 -1 -1 100  13.4666 15.7505 33.5032 16.1295 6.59079 6.92244 4.03208 1.79213 0.727282 0.34033 0.300692 0.16961 0.067319 0.075966 0.05764 0.028139 0.0167178 0.0119459 0.00477983 0.00367241 0.00231226 0.00152457 0.00192152 0.00136038 0.00162653
 84 1 2 0 0 1 -1 -1 100  5.20028 49.592 9.81226 16.7516 8.06266 3.29482 3.4606 2.01588 0.896275 0.364023 0.17061 0.150797 0.0852773 0.0341485 0.0384707 0.0293107 0.014565 0.00885624 0.00647108 0.00288918 0.00233565 0.00165579 0.00126208 0.00146049 0.00149331
 85 1 2 0 0 1 -1 -1 100  5.99924 24.4704 40.1527 6.37666 10.8829 5.23816 2.14079 2.24848 1.30994 0.582604 0.236833 0.111185 0.0983136 0.0557495 0.0225344 0.0253422 0.0193916 0.00981223 0.00610363 0.00455414 0.0022272 0.00186761 0.00142594 0.00117017 0.00161971
 86 1 2 0 0 1 -1 -1 100  3.49356 29.5697 20.4042 26.8717 4.26653 7.28131 3.50481 1.43258 1.50463 0.876722 0.39011 0.158779 0.0747166 0.0661055 0.037629 0.0154071 0.0172856 0.0133045 0.00689557 0.00441441 0.00337776 0.00182096 0.00158038 0.00128489 0.00152855
 87 1 2 0 0 1 -1 -1 100  19.2927 14.3268 23.5663 13.0518 17.1837 2.72861 4.65643 2.24153 0.916432 0.962505 0.560984 0.249818 0.101892 0.0481383 0.0426319 0.0244225 0.0102126 0.0114138 0.00886807 0.00476988 0.00318328 0.00252039 0.00152488 0.00137104 0.00152023
 88 1 2 0 0 1 -1 -1 100  7.73855 57.843 7.29287 9.62801 5.33104 7.01847 1.11497 1.90229 0.916042 0.374866 0.393682 0.229699 0.102618 0.0422046 0.0202513 0.0180025 0.0105657 0.00476231 0.00525291 0.00421321 0.00253949 0.00189152 0.00162079 0.00121422 0.00136396
 89 1 2 0 0 1 -1 -1 100  4.71508 33.1248 42.0666 4.25719 5.61855 3.11117 4.09581 0.651018 1.11044 0.534942 0.219157 0.230136 0.13445 0.0602956 0.0250434 0.0122333 0.0109211 0.00658164 0.00319527 0.00348155 0.00287487 0.00189822 0.00152012 0.00136214 0.00133742
 90 1 2 0 0 1 -1 -1 100  7.2321 22.9036 27.8767 28.4136 2.87495 3.79417 2.1011 2.76596 0.439915 0.750131 0.361536 0.148307 0.155721 0.0911097 0.0410384 0.0172349 0.00858508 0.00769903 0.00476885 0.00248225 0.00267556 0.00226591 0.00160643 0.00135112 0.00147247
 91 1 2 0 0 1 -1 -1 100  13.0436 29.757 16.5878 16.2043 16.5116 1.67105 2.2052 1.22136 1.60771 0.256053 0.436318 0.210507 0.0865996 0.0909077 0.0533624 0.0242661 0.010434 0.00540758 0.0048927 0.00318997 0.00186123 0.00197357 0.00173552 0.0013523 0.00147864
 92 1 2 0 0 1 -1 -1 100  3.39399 48.868 18.7725 8.39924 8.20266 8.35817 0.846326 1.1167 0.61871 0.814269 0.1301 0.221344 0.107046 0.0443277 0.0465084 0.0275041 0.0127765 0.00577507 0.00323086 0.00297025 0.00210838 0.00143581 0.00149267 0.00137218 0.0014206
 93 1 2 0 0 1 -1 -1 100  11.3728 15.6492 40.9056 12.6122 5.64149 5.50944 5.61387 0.568741 0.750332 0.415868 0.547211 0.0877063 0.148988 0.0722226 0.0300999 0.0315644 0.0188007 0.0089093 0.00420698 0.00249822 0.00232319 0.00174434 0.00129262 0.00133081 0.00153255
 94 1 2 0 0 1 -1 -1 100  11.7628 41.4634 9.86117 20.6876 6.37697 2.85271 2.78595 2.83875 0.288038 0.379846 0.210748 0.277152 0.0448367 0.0758196 0.0370085 0.0157121 0.0164526 0.00999956 0.00499866 0.00262126 0.00175735 0.00166886 0.0013762 0.00114782 0.00143651
 95 1 2 0 0 1 -1 -1 100  4.54165 44.6907 26.642 5.08587 10.6659 3.2881 1.47119 1.43676 1.46399 0.148981 0.196312 0.109134 0.143368 0.0235996 0.0395727 0.0195638 0.00858464 0.00896639 0.00563957 0.00306137 0.00183572 0.00139033 0.00134471 0.00119383 0.00130126
 96 1 2 0 0 1 -1 -1 100  3.83742 22.8619 38.3419 18.3454 3.50131 7.34247 2.26375 1.01304 0.989344 1.00808 0.102866 0.135447 0.0754368 0.0990026 0.0165569 0.0275524 0.0137788 0.006221 0.0064838 0.00419369 0.00241893 0.00157521 0.00126862 0.00123721 0.00134091
 97 1 2 0 0 1 -1 -1 100  5.51206 20.235 20.7805 27.9716 13.3798 2.55381 5.3552 1.65125 0.739089 0.721808 0.735473 0.0752916 0.0990535 0.0552873 0.0724741 0.0123457 0.0203648 0.0103196 0.00480767 0.00499933 0.00332913 0.00203477 0.00141944 0.00119584 0.00142175
 98 1 2 0 0 1 -1 -1 100  12.2506 24.608 16.0056 13.1926 17.7526 8.49185 1.62114 3.39903 1.04833 0.469426 0.458459 0.467131 0.0481489 0.0632293 0.0354532 0.0463608 0.00820045 0.0132898 0.00691461 0.00341644 0.00353809 0.0024781 0.00165663 0.00126611 0.00139203
 99 1 2 0 0 1 -1 -1 100  5.4629 46.3123 15.7621 8.22861 6.78051 9.124 4.36466 0.833628 1.74733 0.539247 0.241736 0.236099 0.240556 0.0252308 0.032981 0.0187062 0.0243119 0.00470038 0.00731591 0.00403956 0.00224176 0.00230427 0.00175952 0.00133734 0.00133825
 100 1 2 0 0 1 -1 -1 100  5.95876 25.6075 37.2781 10.1832 5.31475 4.37948 5.89299 2.81923 0.538744 1.12885 0.348621 0.156476 0.152836 0.155715 0.0166491 0.0216545 0.0124353 0.0160557 0.00338977 0.00507899 0.00296299 0.00180189 0.00184227 0.00149044 0.0014364

0 #_N_MeanSize-at-Age_obs
#Yr Seas Flt/Svy Gender Part Ageerr Ignore datavector(female-male)
#                                          samplesize(female-male)

0 #_N_environ_variables
0 #_N_environ_obs
0 # N sizefreq methods to read 

0 # do tags (0/1)

0 # no morphcomp data 

999

