#C data file created using the SS_writedat function in the R package r4ss
#C should work with SS version: 
#C file write time: 2014-11-03 15:54:16
#
1 #_styr
100 #_endyr
1 #_nseas
12 #_months_per_seas
1 #_spawn_seas
1 #_Nfleet
2 #_Nsurveys
1 #_N_areas
Fishery%Survey%CPUE #_fleetnames
0.5 0.5 0.5 #_surveytiming_in_season
1 1 1 #_area_assignments_for_each_fishery_and_survey
1 #_units of catch:  1=bio; 2=num
0.01 #_se of log(catch) only used for init_eq_catch and for Fmethod 2 and 3
1 #_Ngenders
25 #_Nages
0 #_init_equil_catch_for_each_fishery
100 #_N_lines_of_catch_to_read
  #_Fishery year seas
          0    1    1
          0    2    1
          0    3    1
          0    4    1
          0    5    1
          0    6    1
          0    7    1
          0    8    1
          0    9    1
          0   10    1
          0   11    1
          0   12    1
          0   13    1
          0   14    1
          0   15    1
          0   16    1
          0   17    1
          0   18    1
          0   19    1
          0   20    1
          0   21    1
          0   22    1
          0   23    1
          0   24    1
          0   25    1
 1106450000   26    1
  817746000   27    1
  605410000   28    1
  457290000   29    1
  357965000   30    1
  294403000   31    1
  247039000   32    1
  219495000   33    1
  209286000   34    1
  195500000   35    1
  181331000   36    1
  163047000   37    1
  141333000   38    1
  126313000   39    1
  118164000   40    1
  115568000   41    1
  119374000   42    1
  123510000   43    1
  128829000   44    1
  126039000   45    1
  115808000   46    1
  106789000   47    1
   99032800   48    1
   92468600   49    1
   85142900   50    1
   77751000   51    1
   75397000   52    1
   77846100   53    1
   76649200   54    1
   72908800   55    1
   71250400   56    1
   69023700   57    1
   75634400   58    1
   87879700   59    1
   89753900   60    1
   94595300   61    1
   98897700   62    1
   95645000   63    1
   95628400   64    1
   99225000   65    1
   96282600   66    1
   90691800   67    1
   84391700   68    1
   81402100   69    1
   82520900   70    1
   82579000   71    1
   83607900   72    1
   81930700   73    1
   79670500   74    1
   78049400   75    1
   85468700   76    1
   96080400   77    1
  100281000   78    1
  100333000   79    1
   93406100   80    1
   89086100   81    1
   85076300   82    1
   78482300   83    1
   73872900   84    1
   70617500   85    1
   73638300   86    1
   74466200   87    1
   71144100   88    1
   67772300   89    1
   65792300   90    1
   66526700   91    1
   68281900   92    1
   67028700   93    1
   62535900   94    1
   58095000   95    1
   61332600   96    1
   68938000   97    1
   72048900   98    1
   70563200   99    1
   70144400  100    1
7 #_N_cpue
 #_Fleet Units Errtype
       1     1       0
       2     1       0
       3     1       0
 #_year seas index       obs se_log
     88    1     2 160667424    0.2
     90    1     2 194673764    0.2
     92    1     2 202511177    0.2
     94    1     2 243905883    0.2
     96    1     2 171267898    0.2
     98    1     2 183781939    0.2
    100    1     2 266273114    0.2
0 #_N_discard_fleets
#_discard_units (1=same_as_catchunits(bio/num); 2=fraction; 3=numbers)
#_discard_errtype:  >0 for DF of T-dist(read CV below); 0 for normal with CV; -1 for normal with se; -2 for lognormal
0 #_N_discard
0 #_N_meanbodywt
1 #_DF_for_meanbodywt_T-distribution_like
2 # length bin method: 1=use databins; 2=generate from binwidth,min,max below; 3=read vector
1 # binwidth for population size comp
10 # minimum size in the population (lower edge of first bin and size at age 0.00)
200 # maximum size in the population (lower edge of last bin)
-0.001 #_comp_tail_compression
1e-05 #_add_to_comp
-1 #_combine males into females at or below this bin number
21 #_N_lbins
#_lbin_vector
10 53 70 83 94 101 107 111 114 117 120 123 125 127 130 132 135 138 142 148 200
36 #_N_Length_comp_observations
 #_Yr Seas FltSvy Gender Part Nsamp        l10       l53        l70        l83          l94         l101         l107         l111         l114         l117         l120         l123         l125         l127          l130         l132          l135          l138          l142          l148          l200
   26    1      1      0    0   5.0 0.24794277 0.2031161 0.18962622 0.19893326 6.042779e-05 0.0049714881 2.610516e-03 5.036907e-02 1.401750e-03 2.234604e-17 2.918684e-08 9.225717e-09 8.514913e-26 1.689357e-02  1.791913e-02 2.323419e-02  4.291182e-02  1.846522e-12  9.682528e-06  1.446672e-11  0.000000e+00
   36    1      1      0    0   5.0 0.30039544 0.4517442 0.20020910 0.01060524 3.686318e-02 0.0001732254 2.967352e-07 4.341384e-97 3.058433e-09 3.765424e-27 1.281080e-48 1.221785e-17 9.325279e-06 1.571373e-24 1.148744e-110 3.481350e-50 1.196161e-117  6.242442e-12  1.840392e-15  2.361992e-75  0.000000e+00
   46    1      1      0    0   7.5 0.13967575 0.2752191 0.31647858 0.08385786 1.195748e-01 0.0015383075 8.699985e-04 1.673873e-03 4.277156e-03 3.103084e-02 1.185683e-02 1.339009e-02 3.169780e-20 4.523424e-17  2.519980e-25 1.634259e-62  5.530950e-04  3.659179e-06  1.305547e-12  1.034467e-22  0.000000e+00
   51    1      1      0    0  10.0 0.30501358 0.2237811 0.13074908 0.16277527 3.553268e-02 0.0007129796 4.836835e-03 2.748933e-02 8.758049e-02 3.535793e-06 1.269370e-15 1.678214e-14 2.152442e-02 4.769492e-20  5.349165e-52 1.450475e-23  6.129496e-17  6.668549e-07  1.926393e-38  4.143765e-44  0.000000e+00
   56    1      1      0    0  12.5 0.18926597 0.5884035 0.11183667 0.05439187 5.301944e-02 0.0020396482 1.496550e-04 8.618748e-04 2.688626e-05 1.887288e-07 1.400704e-06 3.168165e-09 2.872270e-06 1.968809e-32  1.553301e-18 7.375311e-09  1.561332e-36  1.664076e-53  2.016033e-14 1.394653e-178  0.000000e+00
   61    1      1      0    0  15.0 0.20782007 0.1133094 0.18178607 0.37273273 1.543701e-02 0.0003610473 5.991443e-04 3.203164e-13 9.897408e-05 1.374165e-02 8.204305e-36 1.957180e-12 3.785644e-08 8.203018e-45  3.219464e-10 3.862038e-08  2.573526e-13  9.411380e-02  1.308233e-32  2.374745e-94  0.000000e+00
   66    1      1      0    0  17.5 0.12400324 0.2772361 0.33812325 0.05798358 2.080789e-02 0.1093294445 2.453837e-03 7.777297e-05 1.052419e-02 8.501930e-09 5.945784e-02 9.224198e-10 1.130972e-09 8.449675e-20  5.531030e-49 1.072551e-29  1.227116e-07  1.041831e-56  2.739942e-06  2.828455e-21  0.000000e+00
   71    1      1      0    0  20.0 0.18761361 0.5151930 0.11865069 0.09636928 5.570895e-02 0.0226596228 1.233847e-04 1.407599e-06 3.166774e-03 2.430505e-12 8.359400e-05 6.108978e-08 2.525985e-08 2.619952e-07  3.699210e-04 7.016132e-24  3.122901e-05  8.642177e-18  2.816947e-05  3.806254e-15  0.000000e+00
   76    1      1      0    0  22.5 0.48498053 0.3406486 0.06676232 0.02263246 4.284302e-02 0.0197096545 1.808615e-02 2.684608e-03 2.791534e-05 2.105846e-13 3.151191e-07 3.648024e-11 7.860582e-13 8.098496e-15  7.692481e-31 1.624406e-03  5.711537e-21 2.106894e-126  1.392434e-39  9.293560e-63  0.000000e+00
   81    1      1      0    0  25.0 0.32668444 0.2592759 0.09626290 0.13351913 1.788461e-02 0.0693207999 1.922284e-02 5.986317e-02 1.418234e-02 3.808995e-04 1.238469e-07 9.852373e-05 5.926719e-05 3.137315e-06  2.948442e-08 6.094141e-15  3.957733e-11  3.241847e-03  1.378114e-28 2.523794e-116  0.000000e+00
   82    1      1      0    0  25.0 0.18392934 0.2714086 0.20722129 0.19486745 1.038632e-01 0.0138460457 8.946254e-04 1.224024e-02 1.171133e-02 1.093845e-05 1.719195e-08 4.814994e-09 2.622375e-27 4.769354e-08  1.188192e-11 6.874115e-06  8.200762e-81  1.003017e-13  2.570070e-66  2.558588e-25  0.000000e+00
   83    1      1      0    0  25.0 0.31741814 0.2307923 0.12863970 0.18676982 5.133389e-02 0.0276499077 1.975221e-02 3.732206e-04 1.452440e-04 3.626832e-02 3.346421e-06 8.536677e-04 8.507787e-14 2.834356e-08  1.502285e-12 1.743854e-07  2.379871e-16  7.126386e-19  5.401628e-10  2.635979e-39  0.000000e+00
   84    1      1      0    0  25.0 0.18942231 0.4598381 0.10401375 0.09668063 5.039481e-03 0.1243901087 2.418613e-03 7.965154e-04 1.334678e-02 2.339361e-08 3.937730e-03 7.183608e-12 4.300273e-15 1.374758e-18  1.153106e-04 6.740980e-07  2.434168e-09  3.427148e-53  3.329561e-35  6.965581e-14  0.000000e+00
   85    1      1      0    0  25.0 0.27563064 0.3372851 0.12788658 0.09485196 4.318232e-02 0.0999701452 4.514601e-09 1.471868e-06 4.479183e-03 9.495122e-04 1.412607e-02 2.529101e-04 1.383889e-03 4.964377e-12  2.245866e-11 1.693185e-07  4.617808e-39  6.408994e-17  5.757314e-08  2.764915e-74  0.000000e+00
   86    1      1      0    0  25.0 0.34879692 0.4085234 0.11383423 0.11153671 1.615009e-03 0.0075192278 4.881902e-03 1.510758e-03 1.208420e-03 4.371812e-08 5.024719e-05 5.696476e-07 3.066094e-27 3.257990e-04  1.099457e-10 1.967993e-04  6.328975e-26  7.221321e-52  9.701757e-11  9.637732e-59  0.000000e+00
   87    1      1      0    0  25.0 0.31283755 0.1875896 0.33973801 0.11544260 6.335248e-03 0.0046158857 5.064768e-04 3.994363e-03 2.208445e-02 1.070618e-03 5.784934e-03 2.491205e-07 7.897865e-17 2.211618e-11  1.893255e-18 2.779935e-09  6.024888e-10  3.443558e-27  9.894101e-27  4.913525e-55  0.000000e+00
   88    1      1      0    0  25.0 0.16279020 0.2484514 0.34815802 0.09660024 4.699174e-04 0.0519190526 5.335620e-02 1.773949e-02 1.472653e-06 5.749779e-03 1.008292e-04 5.056903e-08 2.567553e-06 1.338580e-07  1.817022e-25 9.024669e-07  4.310807e-39  3.185296e-14  1.465956e-02  1.494993e-07  0.000000e+00
   89    1      1      0    0  25.0 0.19720944 0.3416495 0.14543170 0.13197145 1.189854e-01 0.0020130143 2.012119e-02 3.095834e-02 4.625997e-03 1.825687e-04 2.403913e-08 8.214534e-13 2.760090e-03 6.230017e-08  5.474502e-21 6.298815e-30  4.090887e-03  5.055086e-22  2.383973e-22  3.704471e-07  0.000000e+00
   90    1      1      0    0  25.0 0.27754144 0.2834116 0.17651307 0.09995371 5.822106e-02 0.0465735491 8.012605e-03 5.711458e-11 4.664272e-02 2.605131e-03 5.227154e-15 6.416185e-07 1.687086e-06 4.430480e-06  4.700641e-25 1.533833e-22  2.401547e-49  2.170824e-04  3.012668e-04  1.231723e-13  0.000000e+00
   91    1      1      0    0  25.0 0.42682698 0.1780692 0.22571727 0.01957026 5.663766e-02 0.0274488598 1.392321e-02 2.482991e-03 5.900086e-10 5.998486e-06 1.225459e-02 1.160516e-07 3.702070e-02 4.167696e-05  1.001878e-10 5.222982e-07  4.216747e-13  7.251430e-16  3.408859e-24 5.193959e-186  0.000000e+00
   92    1      1      0    0  25.0 0.15610272 0.4774783 0.12056284 0.07523643 1.332248e-04 0.0060077170 9.715880e-03 1.140997e-01 4.702802e-03 1.667581e-10 3.567990e-02 2.093616e-24 3.561404e-28 6.854105e-10  3.179366e-41 1.672806e-12  1.330761e-04  2.259593e-13  1.474013e-04  3.740180e-22 4.432051e-179
   93    1      1      0    0  25.0 0.03977743 0.1700297 0.26264327 0.33664061 5.249922e-02 0.0100117221 1.833158e-03 7.419900e-02 2.088296e-02 2.106304e-08 2.944589e-02 5.264913e-04 1.493563e-03 6.679979e-06  3.045253e-06 7.282378e-06  6.454933e-27  3.457332e-23  2.789751e-48 9.072527e-178  0.000000e+00
   94    1      1      0    0  25.0 0.11040963 0.3066549 0.29386479 0.12912467 7.297127e-02 0.0138988752 1.275594e-02 1.859595e-03 5.061700e-02 1.029772e-03 1.602577e-04 9.369159e-04 5.860572e-06 5.707958e-03  5.735978e-15 2.472360e-06  1.474211e-17  2.654036e-36  4.983059e-08  8.326265e-38  0.000000e+00
   95    1      1      0    0  25.0 0.28551956 0.1950918 0.24880536 0.19209874 1.313899e-02 0.0179450002 4.464583e-03 6.516241e-04 1.599608e-05 1.702325e-03 1.185143e-09 4.056500e-02 7.352201e-17 5.521589e-11  9.757799e-07 1.775846e-36  1.378172e-13  9.401234e-35 2.758293e-162  1.032537e-80 4.551088e-155
   96    1      1      0    0  25.0 0.46883753 0.1760846 0.16852457 0.09206571 3.667920e-03 0.0703460044 5.087363e-04 6.193900e-03 2.506192e-06 7.075376e-05 1.343957e-02 6.085554e-06 2.520373e-04 1.386799e-15  2.491306e-16 1.243347e-07  1.722809e-09  3.217176e-75  9.193453e-82  1.307161e-35  0.000000e+00
   97    1      1      0    0  25.0 0.23659321 0.5492731 0.12648962 0.06404986 1.736139e-02 0.0004642370 2.369328e-03 4.972531e-05 3.117613e-03 1.026483e-04 3.515783e-07 4.793296e-14 1.399292e-10 6.562709e-05  4.765052e-05 1.441460e-05  6.563356e-25 8.114783e-112  1.215122e-06  1.552641e-29  0.000000e+00
   98    1      1      0    0  25.0 0.08568082 0.2424437 0.45576979 0.12835533 1.780458e-02 0.0620478243 2.565817e-03 1.726110e-03 1.692857e-03 1.505297e-03 4.729508e-23 1.021848e-07 3.037425e-06 3.638253e-04  1.794659e-07 4.073796e-05  2.529780e-35  3.717039e-24  1.006625e-45 2.614027e-141  0.000000e+00
   99    1      1      0    0  25.0 0.12222350 0.4065559 0.26142808 0.03818435 4.062826e-02 0.0232452835 1.341601e-02 1.577366e-03 3.533113e-02 5.639080e-02 3.507250e-04 1.739718e-04 4.299563e-04 4.743576e-07  6.420635e-05 2.707387e-23  1.958790e-52 3.502084e-120  1.926985e-15  8.691520e-53 1.881432e-318
  100    1      1      0    0  25.0 0.27428120 0.3874272 0.11226892 0.14519757 2.840148e-02 0.0465544582 1.845134e-05 2.091933e-04 3.013227e-03 4.979299e-08 3.179850e-06 1.648467e-08 5.097326e-34 3.598940e-26  7.333415e-09 1.608141e-04  8.590047e-66  9.265078e-11  1.605113e-58  2.464221e-03 1.065846e-316
   88    1      2      0    0 100.0 0.30000000 0.1600000 0.26000000 0.14000000 5.000000e-02 0.0300000000 1.000000e-02 1.000000e-02 0.000000e+00 0.000000e+00 2.000000e-02 0.000000e+00 0.000000e+00 1.000000e-02  0.000000e+00 0.000000e+00  0.000000e+00  1.000000e-02  0.000000e+00  0.000000e+00  0.000000e+00
   90    1      2      0    0 100.0 0.26000000 0.2800000 0.20000000 0.09000000 9.000000e-02 0.0400000000 1.000000e-02 0.000000e+00 1.000000e-02 0.000000e+00 0.000000e+00 0.000000e+00 0.000000e+00 0.000000e+00  0.000000e+00 1.000000e-02  1.000000e-02  0.000000e+00  0.000000e+00  0.000000e+00  0.000000e+00
   92    1      2      0    0 100.0 0.27000000 0.2800000 0.19000000 0.18000000 2.000000e-02 0.0100000000 1.000000e-02 1.000000e-02 1.000000e-02 0.000000e+00 1.000000e-02 0.000000e+00 1.000000e-02 0.000000e+00  0.000000e+00 0.000000e+00  0.000000e+00  0.000000e+00  0.000000e+00  0.000000e+00  0.000000e+00
   94    1      2      0    0 100.0 0.20000000 0.3200000 0.15000000 0.17000000 6.000000e-02 0.0300000000 2.000000e-02 1.000000e-02 2.000000e-02 0.000000e+00 1.000000e-02 0.000000e+00 1.000000e-02 0.000000e+00  0.000000e+00 0.000000e+00  0.000000e+00  0.000000e+00  0.000000e+00  0.000000e+00  0.000000e+00
   96    1      2      0    0 100.0 0.53000000 0.2400000 0.07000000 0.05000000 2.000000e-02 0.0400000000 1.000000e-02 2.000000e-02 0.000000e+00 0.000000e+00 2.000000e-02 0.000000e+00 0.000000e+00 0.000000e+00  0.000000e+00 0.000000e+00  0.000000e+00  0.000000e+00  0.000000e+00  0.000000e+00  0.000000e+00
   98    1      2      0    0 100.0 0.33000000 0.3400000 0.17000000 0.06000000 6.000000e-02 0.0200000000 1.000000e-02 0.000000e+00 0.000000e+00 0.000000e+00 0.000000e+00 0.000000e+00 1.000000e-02 0.000000e+00  0.000000e+00 0.000000e+00  0.000000e+00  0.000000e+00  0.000000e+00  0.000000e+00  0.000000e+00
  100    1      2      0    0 100.0 0.36000000 0.2600000 0.16000000 0.12000000 4.000000e-02 0.0100000000 3.000000e-02 0.000000e+00 0.000000e+00 0.000000e+00 1.000000e-02 0.000000e+00 0.000000e+00 0.000000e+00  0.000000e+00 0.000000e+00  0.000000e+00  1.000000e-02  0.000000e+00  0.000000e+00  0.000000e+00
25 #_N_agebins
#_agebin_vector
1 2 3 4 5 6 7 8 9 10 11 12 13 14 15 16 17 18 19 20 21 22 23 24 25
1 #_N_ageerror_definitions
 #_age0   age1   age2   age3   age4   age5   age6   age7   age8   age9  age10  age11  age12  age13  age14  age15  age16  age17  age18  age19  age20  age21  age22  age23  age24  age25
 -1.000 -1.000 -1.000 -1.000 -1.000 -1.000 -1.000 -1.000 -1.000 -1.000 -1.000 -1.000 -1.000 -1.000 -1.000 -1.000 -1.000 -1.000 -1.000 -1.000 -1.000 -1.000 -1.000 -1.000 -1.000 -1.000
  0.001  0.001  0.001  0.001  0.001  0.001  0.001  0.001  0.001  0.001  0.001  0.001  0.001  0.001  0.001  0.001  0.001  0.001  0.001  0.001  0.001  0.001  0.001  0.001  0.001  0.001
29 #_N_agecomp
1 #_Lbin_method: 1=poplenbins; 2=datalenbins; 3=lengths
0 #_combine males into females at or below this bin number
 #_Yr Seas FltSvy Gender Part Ageerr Lbin_lo Lbin_hi Nsamp           a1         a2         a3         a4          a5           a6           a7           a8           a9          a10          a11          a12           a13          a14           a15           a16           a17           a18           a19           a20           a21           a22           a23           a24           a25
   26    1      1      0    0      1      -1      -1   5.0 3.025461e-03 0.05339952 0.05930399 0.08197416 0.021005263 4.306518e-02 6.637213e-01 5.206903e-04 5.096857e-03 5.421040e-03 5.780120e-14 1.268706e-03  3.210515e-04 7.572236e-06  8.476793e-07  9.407426e-07  3.218037e-09  9.896933e-30  6.186720e-02  4.486590e-30  3.006554e-19  1.456249e-53  0.000000e+00  1.277151e-10  1.876038e-07
   36    1      1      0    0      1      -1      -1   5.0 7.082453e-09 0.02811628 0.13058579 0.48751689 0.352082007 2.762588e-05 2.658435e-06 1.315676e-03 3.508486e-04 9.882568e-45 6.372207e-44 1.080332e-24 9.579226e-167 2.213192e-06  2.257464e-66  2.890768e-42  6.106042e-48 8.956773e-239  3.924456e-36  4.033673e-77  0.000000e+00  7.958519e-44 2.395573e-276  0.000000e+00  6.566372e-31
   46    1      1      0    0      1      -1      -1   7.5 3.411145e-02 0.23704456 0.19081860 0.46311703 0.044536301 9.031232e-03 1.146824e-02 1.655597e-06 7.694775e-03 7.679594e-05 2.099346e-03 2.818326e-50  8.965003e-64 1.490165e-11  1.483592e-08  8.551088e-88  0.000000e+00  2.165039e-99 3.505200e-123  0.000000e+00  0.000000e+00  0.000000e+00  0.000000e+00 4.236633e-282  0.000000e+00
   51    1      1      0    0      1      -1      -1  10.0 1.029897e-04 0.32889125 0.20118439 0.08928556 0.155002903 3.174866e-02 1.897456e-04 3.593298e-07 1.009169e-06 9.446111e-02 7.785497e-12 9.913175e-02  2.720957e-07 1.185631e-13  9.512170e-32  0.000000e+00  1.657017e-44  1.048148e-97  2.948735e-82  1.475587e-85 9.801334e-149  0.000000e+00  0.000000e+00  0.000000e+00  0.000000e+00
   56    1      1      0    0      1      -1      -1  12.5 5.996036e-02 0.10904380 0.51271254 0.05308741 0.052902515 1.551077e-01 5.781448e-03 4.107659e-02 3.016245e-03 1.660917e-04 2.486665e-21 4.566621e-03  7.432801e-04 1.832861e-03  1.954427e-19  2.547272e-06 1.304636e-102  1.003126e-76 1.699277e-253  0.000000e+00 8.794285e-196  0.000000e+00  0.000000e+00  0.000000e+00  0.000000e+00
   61    1      1      0    0      1      -1      -1  15.0 7.283236e-03 0.36358952 0.16925780 0.10040376 0.311632655 3.343085e-02 1.183552e-03 4.481642e-06 1.117730e-16 3.746462e-06 1.321039e-02 5.756872e-12 1.255003e-118 6.739105e-12  7.335899e-15  2.246760e-27 2.170085e-309 1.731913e-123  1.619280e-46 2.809243e-243  0.000000e+00  0.000000e+00  0.000000e+00  0.000000e+00  0.000000e+00
   66    1      1      0    0      1      -1      -1  17.5 1.982568e-02 0.08200042 0.35507624 0.39407608 0.051033617 2.089604e-02 3.260457e-02 3.221958e-02 7.353907e-06 1.192023e-02 5.042789e-15 8.177090e-22  8.218987e-16 3.966695e-48  9.665885e-72  3.401882e-04  0.000000e+00 1.238876e-215  0.000000e+00  4.787509e-47  0.000000e+00  0.000000e+00  0.000000e+00  0.000000e+00  0.000000e+00
   71    1      1      0    0      1      -1      -1  20.0 1.849130e-02 0.35888469 0.17560521 0.30160188 0.084387033 1.673814e-02 1.190529e-03 2.498300e-02 4.601142e-06 1.811319e-02 6.905909e-09 4.094585e-07  1.426216e-22 1.023662e-08  4.863446e-14 4.247384e-124  9.626673e-57  7.420028e-92 4.480906e-173  0.000000e+00 7.395756e-257  0.000000e+00  0.000000e+00  0.000000e+00 1.103482e-215
   76    1      1      0    0      1      -1      -1  22.5 3.963444e-02 0.42535708 0.30081740 0.05177482 0.027469205 8.823421e-03 4.727015e-02 6.596178e-03 1.016549e-02 3.360681e-28 2.401665e-10 8.620134e-04  8.827125e-04 8.034709e-02  7.564327e-89 3.880676e-116  2.792744e-22 3.655126e-107  1.963376e-78  0.000000e+00 2.656734e-310  0.000000e+00  0.000000e+00  0.000000e+00 2.628494e-163
   81    1      1      0    0      1      -1      -1  25.0 6.763396e-02 0.36702989 0.12792375 0.04090101 0.299595827 1.380709e-02 6.642013e-02 8.849282e-04 2.294935e-03 1.182504e-07 9.826820e-03 1.908598e-07  4.701358e-05 9.554879e-17  3.634346e-03  4.789096e-40 3.400605e-114 8.778224e-234  3.775531e-62  8.611640e-78  0.000000e+00 2.501569e-250  0.000000e+00  0.000000e+00  0.000000e+00
   82    1      1      0    0      1      -1      -1  25.0 6.359212e-02 0.01895827 0.33770693 0.13370017 0.073534905 1.712759e-01 7.206966e-02 6.060388e-02 3.725749e-04 1.910606e-03 2.678654e-03 3.733145e-20  6.359637e-02 1.140842e-18  6.975799e-15 9.442609e-138  3.610113e-37 3.564016e-197 5.454043e-224 1.540096e-184  2.974955e-82  0.000000e+00  0.000000e+00  0.000000e+00  0.000000e+00
   83    1      1      0    0      1      -1      -1  25.0 1.010738e-02 0.21478444 0.17943267 0.29707957 0.111053608 1.282777e-01 5.427865e-02 6.299363e-04 1.605728e-03 4.834425e-04 2.039423e-08 3.264239e-08  6.741890e-08 6.052164e-24  1.283356e-34  2.266759e-03 3.218812e-213 6.391699e-232  6.196455e-38 5.849842e-143 3.764916e-306 1.881895e-259  0.000000e+00  0.000000e+00  0.000000e+00
   84    1      1      0    0      1      -1      -1  25.0 2.186406e-01 0.10226643 0.21056550 0.03011129 0.241232181 1.806991e-02 1.099455e-01 2.062327e-02 4.708669e-02 1.458657e-03 7.710158e-10 6.099171e-51  6.374053e-11 9.581056e-10  2.313683e-63  1.297924e-09  2.649856e-67 2.613607e-321  6.193140e-54 4.294391e-267 7.927137e-221  7.521016e-54  0.000000e+00  0.000000e+00  0.000000e+00
   85    1      1      0    0      1      -1      -1  25.0 3.277735e-02 0.48869721 0.13707321 0.14264797 0.019305221 1.041447e-01 2.723593e-02 3.134633e-02 8.178663e-05 1.323395e-02 3.430225e-03 2.306114e-07  9.937768e-17 2.446588e-05  1.197938e-25  3.139018e-27  1.465597e-06  2.379914e-36  0.000000e+00  2.362444e-40  0.000000e+00  0.000000e+00  8.681961e-46  0.000000e+00  0.000000e+00
   86    1      1      0    0      1      -1      -1  25.0 1.745381e-02 0.33199998 0.30780934 0.11450063 0.137977822 7.088549e-02 1.200380e-02 1.607251e-04 1.208152e-03 2.244796e-05 1.188404e-08 5.975934e-03  2.311872e-11 1.858885e-06  2.318780e-59  3.759527e-33  1.016923e-43  4.322275e-96  7.527794e-72 4.692016e-107 1.047125e-220  0.000000e+00  0.000000e+00  0.000000e+00  0.000000e+00
   87    1      1      0    0      1      -1      -1  25.0 2.696849e-03 0.26400116 0.37040282 0.27016560 0.005652114 2.986966e-02 2.864176e-04 2.883454e-03 1.586816e-02 1.609023e-04 2.466903e-02 4.102707e-20  1.334383e-02 2.902364e-44  2.399731e-09  2.072797e-21  2.828994e-84  2.813870e-88  2.312864e-92  0.000000e+00  0.000000e+00  0.000000e+00  3.971669e-72 1.913125e-215  0.000000e+00
   88    1      1      0    0      1      -1      -1  25.0 6.344320e-03 0.24857774 0.33850114 0.24259317 0.099181830 4.142531e-02 1.952731e-02 7.882295e-04 7.078547e-04 2.351589e-03 5.903247e-07 3.421479e-08  8.763936e-07 3.933467e-09  3.785213e-12  1.313286e-63  2.030652e-74  5.975346e-98  3.164749e-26 2.916408e-161 1.906628e-152  0.000000e+00  0.000000e+00 7.107344e-139  0.000000e+00
   89    1      1      0    0      1      -1      -1  25.0 5.389311e-02 0.19738919 0.16032675 0.26324223 0.060155174 1.897121e-01 2.863500e-03 1.338243e-02 1.820009e-04 2.382018e-02 2.624699e-07 1.358037e-04  3.463967e-02 9.638018e-06  9.249655e-25  7.092537e-23 1.330588e-106 5.821368e-157  2.479597e-04  2.322274e-77  0.000000e+00  0.000000e+00  0.000000e+00 4.143215e-125  0.000000e+00
   90    1      1      0    0      1      -1      -1  25.0 1.750818e-02 0.41675769 0.18869955 0.11759944 0.083275648 2.683754e-02 1.358183e-01 5.866210e-03 7.063926e-03 6.568232e-07 1.068975e-05 3.045930e-17  5.610558e-04 1.090514e-06  1.163033e-30  1.090511e-13  1.022598e-81 4.147088e-319 6.972199e-144  0.000000e+00  0.000000e+00  4.562110e-69  0.000000e+00 2.423917e-270  0.000000e+00
   91    1      1      0    0      1      -1      -1  25.0 1.177754e-02 0.31306074 0.29204363 0.09816549 0.090156661 6.194541e-02 2.041389e-02 7.786343e-02 1.611066e-03 3.295715e-02 1.136442e-16 3.407791e-06  1.437800e-13 6.187680e-16  8.710381e-09  1.587639e-06  1.800478e-32  1.001518e-30  1.234788e-40  0.000000e+00  0.000000e+00 3.592911e-223  0.000000e+00  0.000000e+00  0.000000e+00
   92    1      1      0    0      1      -1      -1  25.0 8.230768e-06 0.15393227 0.47161583 0.18597121 0.106622762 1.345354e-02 2.910137e-04 6.700691e-02 8.046515e-04 3.789596e-07 1.420077e-04 1.502833e-05  3.497929e-13 2.483529e-08  7.036215e-45  1.900340e-06  5.058782e-84 2.863149e-133 1.529040e-169 1.479867e-108  0.000000e+00  0.000000e+00  1.342517e-04  0.000000e+00  0.000000e+00
   93    1      1      0    0      1      -1      -1  25.0 1.845473e-02 0.31424088 0.18605264 0.28983005 0.058627902 5.448835e-02 1.167963e-02 4.835201e-02 1.285540e-02 1.960360e-05 3.948339e-03 1.450473e-03  2.376452e-84 9.917383e-24  5.177461e-89  9.079106e-57  4.261267e-48  2.700953e-19  9.858672e-89 6.076717e-272  0.000000e+00 4.124117e-225  0.000000e+00  0.000000e+00  0.000000e+00
   94    1      1      0    0      1      -1      -1  25.0 5.002928e-02 0.11675222 0.18451977 0.30695118 0.234044588 6.612134e-02 5.444180e-03 5.596094e-03 3.353754e-03 2.705710e-03 4.149258e-03 2.033241e-02  1.952213e-08 2.851871e-15  6.166229e-14  2.050961e-07  1.347298e-20  3.005471e-51 7.994806e-108 4.399152e-152 2.326214e-206  1.625395e-42  0.000000e+00  0.000000e+00 1.746009e-138
   95    1      1      0    0      1      -1      -1  25.0 1.311029e-01 0.20268876 0.14252823 0.09279090 0.096582499 1.764164e-01 3.299066e-02 2.857850e-02 1.192363e-03 1.031569e-02 6.668193e-03 6.902334e-02  1.515047e-12 9.117337e-03  2.607091e-56  1.676085e-26 1.647273e-150  0.000000e+00  5.388308e-09  4.201643e-06 9.523906e-115 1.025349e-217  0.000000e+00  0.000000e+00  0.000000e+00
   96    1      1      0    0      1      -1      -1  25.0 2.315491e-03 0.57081977 0.25253899 0.06958770 0.036855774 2.905112e-02 3.674404e-02 7.579529e-04 3.663146e-08 2.711375e-04 4.358212e-06 2.436186e-05  6.851486e-13 2.333063e-39  1.913766e-18  1.154961e-29  3.742620e-58 8.727990e-119  1.029276e-03 2.581427e-214 2.675727e-276 1.400486e-104 2.477477e-218  0.000000e+00  0.000000e+00
   97    1      1      0    0      1      -1      -1  25.0 4.749189e-03 0.16150965 0.36825138 0.27899858 0.120574374 5.967503e-02 4.763553e-04 2.113934e-03 1.177578e-04 9.887943e-04 2.544948e-03 1.870465e-12  2.089663e-09 3.539459e-14  1.547711e-68  5.799749e-34  3.900952e-89  5.304910e-75  4.256402e-39 2.149101e-187  0.000000e+00  0.000000e+00  1.392232e-83  0.000000e+00  0.000000e+00
   98    1      1      0    0      1      -1      -1  25.0 1.439235e-01 0.23144510 0.26816443 0.19772382 0.118086848 2.531754e-03 2.088005e-02 1.271087e-02 8.613621e-05 5.278765e-06 3.399958e-03 4.408811e-04  1.531573e-05 7.025481e-07  8.559525e-12  5.660207e-18  6.324965e-09  2.338996e-20 2.766904e-224  0.000000e+00  0.000000e+00 2.404746e-205  0.000000e+00  5.853618e-04  0.000000e+00
   99    1      1      0    0      1      -1      -1  25.0 7.239081e-02 0.16996655 0.13746299 0.31535885 0.192683703 7.510543e-02 1.470741e-07 7.106679e-05 3.674803e-02 1.867894e-04 2.552944e-05 7.733019e-08  1.245376e-08 2.217989e-16  3.427521e-23  3.039584e-87  4.209228e-17 4.974473e-179  1.026245e-08  6.407475e-11  0.000000e+00  0.000000e+00 6.757719e-187  0.000000e+00  0.000000e+00
  100    1      1      0    0      1      -1      -1  25.0 1.181232e-01 0.28343716 0.19006794 0.11654919 0.082910216 4.247334e-02 3.303964e-02 1.029554e-02 1.330133e-02 1.330181e-05 1.097891e-01 5.943538e-16  4.090536e-57 6.593724e-20 2.929606e-288  6.513296e-90  3.767285e-40  0.000000e+00  0.000000e+00 5.704009e-224  0.000000e+00  0.000000e+00 3.584859e-215  0.000000e+00 3.453516e-131
0 #_N_MeanSize_at_Age_obs
0 #_N_environ_variables
0 #_N_environ_obs
0 #_N_sizefreq_methods
0 #_do_tags
0 #_morphcomp_data
#
999
