#C data file created using the SS_writedat function in the R package r4ss
#C should work with SS version: 
#C file write time: 2014-11-03 14:35:17
#
1 #_styr
100 #_endyr
1 #_nseas
12 #_months_per_seas
1 #_spawn_seas
1 #_Nfleet
2 #_Nsurveys
1 #_N_areas
Fishery%Survey%CPUE #_fleetnames
0.5 0.5 0.5 #_surveytiming_in_season
1 1 1 #_area_assignments_for_each_fishery_and_survey
1 #_units of catch:  1=bio; 2=num
0.01 #_se of log(catch) only used for init_eq_catch and for Fmethod 2 and 3
1 #_Ngenders
25 #_Nages
0 #_init_equil_catch_for_each_fishery
100 #_N_lines_of_catch_to_read
  #_Fishery year seas
          0    1    1
          0    2    1
          0    3    1
          0    4    1
          0    5    1
          0    6    1
          0    7    1
          0    8    1
          0    9    1
          0   10    1
          0   11    1
          0   12    1
          0   13    1
          0   14    1
          0   15    1
          0   16    1
          0   17    1
          0   18    1
          0   19    1
          0   20    1
          0   21    1
          0   22    1
          0   23    1
          0   24    1
          0   25    1
 1059900000   26    1
  792905000   27    1
  604450000   28    1
  471429000   29    1
  370812000   30    1
  302143000   31    1
  260798000   32    1
  240368000   33    1
  226666000   34    1
  214895000   35    1
  197095000   36    1
  180437000   37    1
  170003000   38    1
  163072000   39    1
  160284000   40    1
  158931000   41    1
  144762000   42    1
  129979000   43    1
  124979000   44    1
  130080000   45    1
  130470000   46    1
  131359000   47    1
  132033000   48    1
  128239000   49    1
  121058000   50    1
  110106000   51    1
  101643000   52    1
   93243200   53    1
   88708800   54    1
   88973600   55    1
   98497800   56    1
  112392000   57    1
  114035000   58    1
  107486000   59    1
  103638000   60    1
  105430000   61    1
  109843000   62    1
  105282000   63    1
   98384000   64    1
   92168000   65    1
   86488500   66    1
   85193000   67    1
   90388900   68    1
   87804400   69    1
   83461600   70    1
   80789600   71    1
   77484500   72    1
   74572500   73    1
   74859700   74    1
   74956200   75    1
   72038700   76    1
   69221300   77    1
   70418300   78    1
   73365100   79    1
   71581100   80    1
   65775500   81    1
   59874900   82    1
   56883000   83    1
   58001000   84    1
   56587900   85    1
   53373300   86    1
   52571400   87    1
   52364900   88    1
   53039600   89    1
   56556500   90    1
   59343800   91    1
   62151100   92    1
   70145000   93    1
   78624300   94    1
   76113500   95    1
   70348200   96    1
   70120600   97    1
   79662500   98    1
   83457700   99    1
   79521900  100    1
7 #_N_cpue
 #_Fleet Units Errtype
       1     1       0
       2     1       0
       3     1       0
 #_year seas index       obs se_log
     88    1     2 133707691    0.2
     90    1     2 206507795    0.2
     92    1     2 165371800    0.2
     94    1     2 232002104    0.2
     96    1     2 177741074    0.2
     98    1     2 277796246    0.2
    100    1     2 320506648    0.2
0 #_N_discard_fleets
#_discard_units (1=same_as_catchunits(bio/num); 2=fraction; 3=numbers)
#_discard_errtype:  >0 for DF of T-dist(read CV below); 0 for normal with CV; -1 for normal with se; -2 for lognormal
0 #_N_discard
0 #_N_meanbodywt
1 #_DF_for_meanbodywt_T-distribution_like
2 # length bin method: 1=use databins; 2=generate from binwidth,min,max below; 3=read vector
1 # binwidth for population size comp
10 # minimum size in the population (lower edge of first bin and size at age 0.00)
200 # maximum size in the population (lower edge of last bin)
-0.001 #_comp_tail_compression
1e-05 #_add_to_comp
-1 #_combine males into females at or below this bin number
21 #_N_lbins
#_lbin_vector
10 53 70 83 94 101 107 111 114 117 120 123 125 127 130 132 135 138 142 148 200
36 #_N_Length_comp_observations
 #_Yr Seas FltSvy Gender Part Nsamp         l10        l53        l70        l83         l94        l101         l107         l111         l114         l117         l120         l123         l125         l127          l130         l132          l135         l138          l142          l148          l200
   26    1      1      0    0   5.0 0.097440748 0.60800596 0.14833014 0.02260581 0.002289549 0.112037315 1.216812e-05 9.178834e-03 7.282468e-07 1.178624e-05 2.747305e-07 8.660968e-05 3.692403e-10 5.912938e-08  3.490722e-44 1.577993e-10  1.955630e-14 2.297546e-16  1.109422e-37  1.140168e-08  0.000000e+00
   36    1      1      0    0   5.0 0.008856305 0.39165615 0.09095367 0.01325889 0.050906860 0.069656139 8.978182e-03 8.034825e-14 1.233490e-07 1.769651e-01 1.286592e-22 1.027869e-07 1.553231e-02 2.271712e-63  1.732362e-01 1.485862e-40  3.156634e-72 1.925003e-28  1.013919e-39 4.102885e-141  0.000000e+00
   46    1      1      0    0   7.5 0.123927796 0.55972858 0.11723174 0.02388527 0.022514571 0.006716775 2.472960e-17 2.857038e-16 9.781167e-22 1.459720e-01 5.224936e-12 4.766880e-38 2.329451e-05 8.590467e-38 2.810089e-110 4.644672e-37 8.436482e-161 6.306567e-58  3.526899e-13  1.358988e-79  0.000000e+00
   51    1      1      0    0  10.0 0.197091945 0.41740624 0.15197832 0.13459518 0.017829405 0.006374218 3.937120e-02 1.367655e-04 3.521641e-02 1.762062e-08 1.087296e-07 2.772093e-08 7.545356e-33 1.107315e-07  1.813531e-19 5.426538e-08  6.491994e-26 3.171417e-72 3.726456e-171  2.071716e-78  0.000000e+00
   56    1      1      0    0  12.5 0.152459119 0.40802743 0.20279842 0.15858622 0.023208356 0.028697114 2.184260e-05 8.016068e-05 1.200081e-02 1.411727e-02 2.842873e-06 1.202068e-22 3.507217e-14 4.132961e-07  7.307425e-43 1.435875e-26  2.152543e-32 8.783525e-28 1.281437e-213  2.632327e-48 3.144949e-317
   61    1      1      0    0  15.0 0.328299041 0.27237603 0.12583838 0.05459481 0.031545597 0.065870961 4.871930e-02 1.546177e-03 3.766129e-02 8.084831e-03 4.545584e-27 2.545477e-02 3.102167e-06 3.218523e-17 1.460088e-130 2.539864e-16  1.304228e-27 5.713230e-06  1.660034e-15 1.540993e-192  0.000000e+00
   66    1      1      0    0  17.5 0.125873548 0.27964096 0.10474645 0.07995316 0.056841143 0.070215729 7.007463e-04 2.762778e-01 3.808245e-05 1.710182e-03 2.081224e-05 2.668176e-03 3.044386e-24 2.105454e-20  1.894366e-17 4.180941e-08  1.313205e-03 6.597592e-71  1.539848e-20  2.723268e-27  0.000000e+00
   71    1      1      0    0  20.0 0.299222519 0.21614817 0.26459795 0.15797571 0.050840057 0.004883563 6.265103e-03 1.468871e-05 2.123007e-05 1.083352e-05 4.966045e-07 6.894474e-09 2.050600e-16 3.249268e-16  1.162013e-08 6.136710e-38  3.692936e-28 1.966288e-05 1.579966e-120 1.983607e-260  0.000000e+00
   76    1      1      0    0  22.5 0.179147851 0.17256324 0.37301482 0.05991523 0.186941507 0.004736557 3.695687e-03 3.406473e-05 1.980375e-03 1.677838e-05 6.996876e-04 2.795769e-21 1.725076e-02 3.440157e-06  1.555379e-13 1.742275e-25  1.696003e-32 4.918545e-12  1.856756e-59 8.251702e-183  0.000000e+00
   81    1      1      0    0  25.0 0.205838341 0.16737091 0.37848970 0.10900340 0.047286937 0.013994209 1.279667e-02 4.395755e-02 6.726364e-03 1.378810e-02 8.046192e-11 5.377299e-11 7.055689e-06 7.389683e-04  1.546371e-06 1.544858e-08  1.114431e-22 1.067365e-25  2.282744e-07 1.077673e-154  0.000000e+00
   82    1      1      0    0  25.0 0.156739036 0.24968198 0.30231961 0.09046451 0.123474343 0.014717339 1.218205e-03 2.404269e-05 4.213043e-03 1.234679e-02 1.221583e-02 2.299366e-08 2.359484e-02 8.829288e-03  8.108507e-14 1.611127e-04  1.783411e-37 2.252155e-69  6.127484e-10  6.060908e-56  0.000000e+00
   83    1      1      0    0  25.0 0.470541509 0.20638059 0.10283696 0.08775907 0.044524556 0.051748372 2.771660e-02 2.916153e-03 6.874424e-08 9.434164e-12 1.805107e-03 5.166518e-07 3.151480e-07 1.528736e-09  3.692001e-27 1.877687e-05  1.520313e-07 1.871957e-25  3.686953e-03  6.428910e-05  0.000000e+00
   84    1      1      0    0  25.0 0.132749946 0.33126558 0.13592672 0.14859384 0.074310800 0.125792182 4.586204e-03 7.848070e-04 2.660088e-04 1.263945e-02 1.162119e-02 3.294299e-16 2.000721e-02 1.456030e-03  5.301532e-21 1.181695e-19  3.091305e-08 9.823629e-11  2.339137e-55  3.121224e-21  0.000000e+00
   85    1      1      0    0  25.0 0.309119670 0.08650471 0.23878499 0.15150947 0.020903226 0.003696390 4.354923e-02 8.027568e-04 1.296035e-02 1.206929e-01 1.082587e-02 3.267437e-07 8.076163e-24 7.696965e-05  4.866678e-14 5.731053e-04  4.482541e-66 1.818486e-20  5.086823e-42  2.491040e-87  0.000000e+00
   86    1      1      0    0  25.0 0.213582470 0.33059856 0.13920910 0.06138900 0.041481312 0.131906949 6.682168e-02 2.247546e-03 2.467534e-06 6.258348e-03 2.400634e-03 2.378701e-07 8.746099e-09 3.976846e-03  7.471481e-05 4.983292e-05  2.815165e-07 3.767797e-23  1.693776e-80 5.167982e-125  1.185255e-08
   87    1      1      0    0  25.0 0.217680634 0.49649054 0.14533689 0.03636833 0.064168277 0.028403799 6.449483e-04 1.085617e-02 8.305544e-08 1.843762e-06 4.910480e-06 4.326979e-05 1.057308e-09 3.152765e-13  3.031109e-07 1.074072e-08  9.392279e-59 5.432544e-16  1.022671e-19 4.936190e-108 9.927832e-173
   88    1      1      0    0  25.0 0.257006626 0.28505523 0.19050451 0.08666011 0.110210622 0.065067329 1.613865e-03 4.604785e-05 2.584427e-03 4.085657e-20 1.232036e-03 1.541487e-06 4.847437e-17 2.589426e-07  1.575715e-05 1.336818e-06  5.795972e-28 3.024790e-07  2.347467e-09  3.662517e-29  0.000000e+00
   89    1      1      0    0  25.0 0.282566265 0.16464313 0.28592500 0.12659433 0.029204012 0.083400061 8.783332e-05 1.717430e-03 1.084822e-02 5.227126e-09 1.501368e-02 1.115970e-13 2.869542e-22 4.566908e-13  2.544109e-08 4.277805e-21  6.802849e-09 6.225485e-14  1.243645e-48 3.537971e-109 1.313286e-148
   90    1      1      0    0  25.0 0.134092496 0.36948405 0.12877545 0.22695452 0.073299639 0.024019176 2.083213e-02 1.478137e-02 6.387231e-04 1.792270e-06 5.240182e-10 2.428605e-04 2.063872e-21 6.096911e-21  6.874020e-45 6.877785e-03  5.184182e-39 3.756329e-65  5.377611e-31  1.134752e-31  0.000000e+00
   91    1      1      0    0  25.0 0.412267449 0.12212887 0.14097356 0.16686114 0.013236955 0.128982393 6.496218e-04 1.903426e-04 4.782031e-04 2.917862e-04 1.288230e-02 2.917268e-20 8.074257e-18 1.028287e-03  2.439429e-48 2.910343e-05  2.181764e-44 1.013493e-44  2.403101e-11  2.528037e-31  0.000000e+00
   92    1      1      0    0  25.0 0.342068896 0.29325886 0.08523182 0.13617114 0.108781868 0.004076671 2.985179e-02 9.770207e-14 1.089413e-07 9.574169e-14 4.716023e-05 1.492641e-09 3.923903e-36 5.116724e-04  1.005277e-31 9.286742e-09  5.067155e-33 3.196926e-28 8.293938e-137 8.945118e-273  0.000000e+00
   93    1      1      0    0  25.0 0.421049360 0.23795504 0.18244580 0.10972001 0.024197170 0.021132714 1.057302e-06 7.113486e-05 1.616264e-09 1.102357e-10 3.054228e-08 1.810131e-17 7.362204e-13 5.369350e-28  9.791712e-17 7.450032e-19  3.427682e-03 1.874928e-23  5.822414e-10  1.749832e-23  0.000000e+00
   94    1      1      0    0  25.0 0.019247107 0.72705177 0.04323871 0.06001073 0.007876535 0.021602268 1.713893e-02 2.726232e-09 6.256046e-05 5.029370e-16 2.942753e-03 7.319704e-20 9.817572e-02 1.199218e-07  1.128777e-31 8.698016e-25  7.126265e-61 4.937818e-94  2.652781e-03  4.362960e-19  0.000000e+00
   95    1      1      0    0  25.0 0.087748554 0.41514135 0.19884112 0.18539733 0.050370344 0.058279945 3.327879e-04 1.542079e-05 3.363813e-06 1.366361e-06 9.923251e-07 8.222846e-16 5.091325e-07 3.866565e-03  4.184849e-21 2.263953e-39  5.265888e-92 1.473471e-11  3.502833e-07  1.256387e-86  0.000000e+00
   96    1      1      0    0  25.0 0.278072920 0.31083176 0.18464100 0.17454783 0.023366078 0.008664842 1.245538e-02 1.690671e-03 1.111840e-03 1.995380e-03 2.547833e-03 1.598884e-31 3.909253e-10 7.449685e-08  7.439442e-05 7.048114e-10  2.633547e-12 6.447150e-49  1.981545e-38  2.436439e-23  0.000000e+00
   97    1      1      0    0  25.0 0.403360978 0.25392851 0.08312525 0.10281207 0.051025471 0.016675267 7.638227e-03 6.349401e-02 6.243590e-03 2.049055e-07 2.665141e-05 2.351991e-13 3.550976e-33 1.115373e-06  1.051933e-08 5.980269e-26  1.166864e-02 3.503597e-11  1.873019e-23 1.219112e-235  0.000000e+00
   98    1      1      0    0  25.0 0.173834593 0.35894235 0.19689069 0.04036315 0.031022467 0.025003199 1.696458e-01 6.739162e-04 1.942013e-08 1.696139e-03 4.477588e-12 2.720429e-11 3.025260e-09 3.762381e-07  1.641727e-18 1.927328e-03  2.770152e-12 1.592276e-19  1.231076e-33  2.217404e-34  0.000000e+00
   99    1      1      0    0  25.0 0.038672442 0.41715974 0.17258264 0.08739929 0.133931171 0.001338811 6.032017e-03 4.743103e-06 4.412443e-04 3.319523e-04 1.816510e-04 1.104240e-04 8.674725e-10 8.944328e-15  1.373130e-04 1.416762e-01  3.984704e-07 2.096619e-32  5.150700e-62  4.930539e-35  0.000000e+00
  100    1      1      0    0  25.0 0.202916834 0.27641314 0.23850151 0.09535043 0.034205687 0.140502613 4.665086e-05 9.853624e-03 1.330127e-04 1.772142e-04 3.229933e-05 8.374632e-15 5.501223e-09 6.977455e-11  1.866986e-03 6.787666e-42  6.524675e-27 1.446553e-09  1.569350e-18  2.395031e-37  0.000000e+00
   88    1      2      0    0 100.0 0.410000000 0.23000000 0.11000000 0.15000000 0.030000000 0.030000000 0.000000e+00 1.000000e-02 0.000000e+00 1.000000e-02 0.000000e+00 0.000000e+00 0.000000e+00 0.000000e+00  1.000000e-02 1.000000e-02  0.000000e+00 0.000000e+00  0.000000e+00  0.000000e+00  0.000000e+00
   90    1      2      0    0 100.0 0.460000000 0.28000000 0.11000000 0.06000000 0.050000000 0.010000000 1.000000e-02 1.000000e-02 0.000000e+00 1.000000e-02 0.000000e+00 0.000000e+00 0.000000e+00 0.000000e+00  0.000000e+00 0.000000e+00  0.000000e+00 0.000000e+00  0.000000e+00  0.000000e+00  0.000000e+00
   92    1      2      0    0 100.0 0.370000000 0.25000000 0.23000000 0.10000000 0.020000000 0.010000000 0.000000e+00 2.000000e-02 0.000000e+00 0.000000e+00 0.000000e+00 0.000000e+00 0.000000e+00 0.000000e+00  0.000000e+00 0.000000e+00  0.000000e+00 0.000000e+00  0.000000e+00  0.000000e+00  0.000000e+00
   94    1      2      0    0 100.0 0.140000000 0.48000000 0.18000000 0.06000000 0.050000000 0.040000000 1.000000e-02 2.000000e-02 2.000000e-02 0.000000e+00 0.000000e+00 0.000000e+00 0.000000e+00 0.000000e+00  0.000000e+00 0.000000e+00  0.000000e+00 0.000000e+00  0.000000e+00  0.000000e+00  0.000000e+00
   96    1      2      0    0 100.0 0.300000000 0.24000000 0.15000000 0.12000000 0.090000000 0.050000000 1.000000e-02 1.000000e-02 2.000000e-02 1.000000e-02 0.000000e+00 0.000000e+00 0.000000e+00 0.000000e+00  0.000000e+00 0.000000e+00  0.000000e+00 0.000000e+00  0.000000e+00  0.000000e+00  0.000000e+00
   98    1      2      0    0 100.0 0.400000000 0.43000000 0.08000000 0.07000000 0.010000000 0.000000000 0.000000e+00 0.000000e+00 0.000000e+00 1.000000e-02 0.000000e+00 0.000000e+00 0.000000e+00 0.000000e+00  0.000000e+00 0.000000e+00  0.000000e+00 0.000000e+00  0.000000e+00  0.000000e+00  0.000000e+00
  100    1      2      0    0 100.0 0.310000000 0.20000000 0.28000000 0.14000000 0.030000000 0.020000000 0.000000e+00 0.000000e+00 0.000000e+00 1.000000e-02 0.000000e+00 0.000000e+00 1.000000e-02 0.000000e+00  0.000000e+00 0.000000e+00  0.000000e+00 0.000000e+00  0.000000e+00  0.000000e+00  0.000000e+00
25 #_N_agebins
#_agebin_vector
1 2 3 4 5 6 7 8 9 10 11 12 13 14 15 16 17 18 19 20 21 22 23 24 25
1 #_N_ageerror_definitions
 #_age0   age1   age2   age3   age4   age5   age6   age7   age8   age9  age10  age11  age12  age13  age14  age15  age16  age17  age18  age19  age20  age21  age22  age23  age24  age25
 -1.000 -1.000 -1.000 -1.000 -1.000 -1.000 -1.000 -1.000 -1.000 -1.000 -1.000 -1.000 -1.000 -1.000 -1.000 -1.000 -1.000 -1.000 -1.000 -1.000 -1.000 -1.000 -1.000 -1.000 -1.000 -1.000
  0.001  0.001  0.001  0.001  0.001  0.001  0.001  0.001  0.001  0.001  0.001  0.001  0.001  0.001  0.001  0.001  0.001  0.001  0.001  0.001  0.001  0.001  0.001  0.001  0.001  0.001
29 #_N_agecomp
1 #_Lbin_method: 1=poplenbins; 2=datalenbins; 3=lengths
0 #_combine males into females at or below this bin number
 #_Yr Seas FltSvy Gender Part Ageerr Lbin_lo Lbin_hi Nsamp           a1         a2         a3         a4          a5           a6           a7           a8           a9          a10          a11          a12          a13          a14          a15           a16           a17           a18           a19           a20           a21           a22           a23           a24           a25
   26    1      1      0    0      1      -1      -1   5.0 1.992830e-10 0.05044446 0.06473675 0.31864072 0.291058763 8.430874e-02 0.0002830979 1.155537e-04 2.714242e-03 1.417588e-01 3.366415e-14 3.501389e-02 1.091378e-02 6.074339e-09 2.185106e-23  1.922584e-46  1.654131e-16  2.234800e-38  1.657419e-10  1.118059e-05  8.820547e-23  2.325969e-40  3.606311e-66  1.756882e-18  3.686169e-26
   36    1      1      0    0      1      -1      -1   5.0 6.972159e-18 0.52575854 0.05028741 0.04334025 0.150835750 5.919118e-02 0.1662915423 1.343329e-07 1.465789e-03 9.268010e-13 5.439560e-04 7.805968e-09 3.701748e-04 1.157768e-16 1.915269e-03  1.634656e-09  5.333786e-37  0.000000e+00 6.080172e-299  1.027560e-66 3.214462e-126  0.000000e+00  1.283848e-59  0.000000e+00  5.589191e-27
   46    1      1      0    0      1      -1      -1   7.5 5.743017e-02 0.37949376 0.01928607 0.24852953 0.212909600 2.991073e-05 0.0474862187 2.907051e-03 2.713141e-03 2.917199e-02 3.305388e-05 9.503110e-06 3.641154e-36 2.090212e-29 1.465071e-69  1.786616e-39  0.000000e+00  0.000000e+00  6.794625e-50  0.000000e+00 1.527436e-284  0.000000e+00  0.000000e+00  0.000000e+00  0.000000e+00
   51    1      1      0    0      1      -1      -1  10.0 4.941854e-06 0.23193057 0.07987683 0.12248499 0.392971457 2.873417e-02 0.1213371414 1.546656e-02 1.491031e-07 1.588556e-07 3.444300e-07 9.131545e-11 7.192684e-03 3.939284e-51 8.507171e-83  6.767005e-17 4.099253e-166  7.172429e-41 9.445174e-289  0.000000e+00  5.698470e-68  0.000000e+00  0.000000e+00  0.000000e+00  0.000000e+00
   56    1      1      0    0      1      -1      -1  12.5 8.648587e-03 0.29956392 0.42648367 0.22925530 0.002725687 2.349368e-02 0.0098152086 2.852769e-10 3.388049e-13 4.471600e-24 1.335505e-15 1.383825e-05 5.367567e-09 1.111647e-11 1.527978e-64  1.044249e-07  7.866114e-68 7.714956e-112  0.000000e+00  0.000000e+00  0.000000e+00  0.000000e+00  0.000000e+00 1.924533e-133  0.000000e+00
   61    1      1      0    0      1      -1      -1  15.0 1.119536e-04 0.50492153 0.23860105 0.17604069 0.045796023 1.190011e-02 0.0084688714 8.618685e-03 3.835901e-03 2.384903e-07 1.609515e-22 1.983515e-22 1.489357e-03 5.531784e-19 9.554401e-11  3.120315e-16 1.004786e-119 5.811341e-276  2.155859e-04  0.000000e+00  0.000000e+00  7.861724e-99  0.000000e+00  0.000000e+00  0.000000e+00
   66    1      1      0    0      1      -1      -1  17.5 2.201222e-02 0.24027005 0.30932727 0.19905675 0.002852108 3.080476e-02 0.1480159135 2.230697e-02 2.137324e-04 1.535356e-14 2.177541e-02 3.364686e-03 1.330029e-07 8.691909e-61 9.006402e-21  2.674104e-43  2.614580e-18 2.144935e-288  2.983130e-69  0.000000e+00  0.000000e+00  1.049424e-47  0.000000e+00  0.000000e+00 1.050502e-228
   71    1      1      0    0      1      -1      -1  20.0 1.899378e-02 0.13223518 0.32210865 0.06453551 0.035707637 4.119536e-02 0.0059813418 2.294959e-01 5.322316e-03 8.743290e-02 1.390147e-15 1.532964e-08 5.688848e-02 1.029023e-04 1.694435e-55 2.054291e-111  3.633303e-72  4.740889e-65  3.063157e-57 2.178266e-104  0.000000e+00  0.000000e+00  0.000000e+00 9.598638e-118 1.610873e-237
   76    1      1      0    0      1      -1      -1  22.5 1.362383e-02 0.25399035 0.16669600 0.28011048 0.220663755 1.383661e-02 0.0024136472 4.643821e-02 6.658008e-04 1.361920e-05 1.536679e-03 7.547572e-13 4.025170e-06 6.993776e-06 2.536190e-11  5.176202e-22  6.592941e-24  1.076520e-49  2.760821e-12 3.216050e-213  2.725420e-54  0.000000e+00  0.000000e+00  0.000000e+00  0.000000e+00
   81    1      1      0    0      1      -1      -1  25.0 9.646609e-02 0.33281369 0.17314404 0.22186407 0.135881483 1.313231e-02 0.0053722452 1.977849e-05 4.254517e-03 1.496377e-02 6.778216e-11 2.684493e-13 2.087995e-03 3.487721e-10 1.292009e-53  3.748403e-23  1.256312e-23 5.793914e-244 7.323439e-229  0.000000e+00 2.141172e-229 3.250820e-188  0.000000e+00  0.000000e+00  0.000000e+00
   82    1      1      0    0      1      -1      -1  25.0 8.107855e-03 0.28797100 0.29645107 0.13369906 0.110574206 1.217092e-01 0.0036603018 1.430872e-04 1.809401e-02 4.303669e-03 1.525895e-02 1.920112e-28 5.637310e-07 6.000598e-07 1.104115e-11  4.782982e-16  2.646206e-05 1.050193e-203 3.010423e-126  0.000000e+00 2.185889e-315  0.000000e+00  0.000000e+00  0.000000e+00  0.000000e+00
   83    1      1      0    0      1      -1      -1  25.0 2.046649e-04 0.28879493 0.11009838 0.22057764 0.031626622 1.396986e-01 0.0575528991 8.725444e-02 5.638212e-02 1.301152e-04 7.601955e-03 4.018593e-19 1.538287e-10 2.442117e-05 1.010408e-18 2.353968e-174  5.326496e-05  1.529041e-15 1.411758e-305 7.343495e-274  0.000000e+00  0.000000e+00  0.000000e+00  0.000000e+00 6.453880e-184
   84    1      1      0    0      1      -1      -1  25.0 3.589634e-02 0.31250062 0.25982880 0.14741413 0.058970934 6.360944e-03 0.0082424898 3.870530e-03 4.268631e-03 1.689882e-05 1.625458e-01 1.490650e-08 7.314919e-15 6.695189e-13 6.964954e-05 1.947651e-212  1.416984e-05 3.346223e-199 8.692025e-103 2.811393e-194  1.418317e-82  3.337174e-92  0.000000e+00  0.000000e+00  0.000000e+00
   85    1      1      0    0      1      -1      -1  25.0 2.466555e-02 0.22627547 0.20246289 0.35106251 0.057690133 3.692651e-03 0.0019153532 5.735932e-02 4.507792e-02 4.700958e-06 2.868539e-02 3.029866e-09 1.098270e-03 4.800665e-06 8.024265e-29  3.075996e-44  6.949226e-84  0.000000e+00  5.030653e-06 1.029163e-238  0.000000e+00  1.324355e-23  0.000000e+00  0.000000e+00  0.000000e+00
   86    1      1      0    0      1      -1      -1  25.0 9.717842e-03 0.33915409 0.16978740 0.11485486 0.208434474 9.173972e-03 0.0554986470 4.742737e-02 4.403013e-02 1.917088e-03 1.557309e-08 7.947243e-20 5.714309e-10 3.223641e-06 2.862552e-08  3.803645e-86  8.538828e-07  1.693135e-09  0.000000e+00 1.023482e-178  1.924036e-96  0.000000e+00  0.000000e+00  0.000000e+00  0.000000e+00
   87    1      1      0    0      1      -1      -1  25.0 1.094753e-02 0.31332386 0.27155564 0.14301065 0.197970092 3.356367e-02 0.0102067676 1.186202e-02 6.151980e-04 6.868581e-03 6.003114e-05 1.477836e-06 1.425088e-05 2.291132e-07 1.124767e-29  1.490070e-32 5.308091e-183  9.069208e-37  8.671834e-91  0.000000e+00  7.325924e-12 1.031326e-313  0.000000e+00  0.000000e+00  0.000000e+00
   88    1      1      0    0      1      -1      -1  25.0 1.974648e-01 0.20211405 0.30183810 0.13524552 0.012573985 2.263458e-02 0.0852888980 3.836590e-03 3.803962e-02 2.596176e-11 3.055086e-05 3.022068e-11 3.325453e-19 9.332575e-04 2.061498e-25  7.304554e-52 3.626399e-100  5.014971e-96  1.065142e-96  0.000000e+00  1.225068e-12  0.000000e+00  0.000000e+00 4.576018e-114 8.786362e-124
   89    1      1      0    0      1      -1      -1  25.0 2.305051e-02 0.47466286 0.15114309 0.23627492 0.044332059 1.339673e-02 0.0060980590 1.936032e-02 1.396999e-03 2.465490e-02 4.658433e-07 5.623485e-03 2.223862e-07 1.403089e-13 5.873877e-15  5.365659e-06  7.041659e-27 1.289415e-218 1.413097e-201  4.049032e-82 2.425123e-133  0.000000e+00  0.000000e+00  0.000000e+00  1.033436e-81
   90    1      1      0    0      1      -1      -1  25.0 3.386819e-05 0.27315441 0.42095641 0.07591909 0.097321409 4.156886e-03 0.0652754976 2.412261e-03 3.386256e-04 1.341555e-13 2.408595e-02 9.201450e-30 3.598464e-02 3.609554e-04 9.013390e-11  4.404163e-36  2.610672e-19 8.083896e-159 1.082412e-171  0.000000e+00  0.000000e+00  0.000000e+00  1.444719e-88  0.000000e+00 2.088295e-280
   91    1      1      0    0      1      -1      -1  25.0 5.453160e-02 0.27621891 0.16414578 0.26521582 0.053354527 1.173834e-01 0.0167122037 8.340452e-04 4.380572e-02 1.046293e-05 2.879668e-03 3.671228e-10 1.569057e-21 4.907911e-03 8.279082e-11  2.112071e-85 1.021138e-116 2.984716e-137 6.112033e-119 1.228140e-290  0.000000e+00  1.347682e-88  0.000000e+00  0.000000e+00 2.628273e-166
   92    1      1      0    0      1      -1      -1  25.0 1.192842e-01 0.20242427 0.38144327 0.04652220 0.072562690 3.929587e-02 0.1257142409 1.267270e-02 9.275621e-07 2.037991e-05 1.065486e-11 5.550411e-05 7.526691e-13 3.869811e-42 3.710016e-06  1.565563e-22  3.155321e-51 4.225168e-275  1.709383e-29 4.156688e-127  0.000000e+00 4.164337e-166  0.000000e+00  0.000000e+00  0.000000e+00
   93    1      1      0    0      1      -1      -1  25.0 3.115661e-02 0.59177144 0.08638124 0.11934706 0.086247582 5.147631e-02 0.0007603913 4.045362e-07 1.615646e-02 1.604076e-02 1.793909e-13 6.617242e-04 1.609043e-79 2.008375e-32 2.684651e-08  8.282568e-12  1.995471e-52  1.804274e-29  0.000000e+00  0.000000e+00  1.231013e-11 2.328477e-271  0.000000e+00  0.000000e+00  0.000000e+00
   94    1      1      0    0      1      -1      -1  25.0 2.304610e-02 0.12754746 0.52922759 0.09514263 0.065652865 1.761696e-02 0.0224486963 5.109689e-02 3.032414e-03 4.046153e-02 6.115322e-05 2.984850e-06 2.466272e-02 7.821737e-20 3.675716e-44 2.017263e-126 4.172059e-158  5.816596e-32 3.351469e-102 7.898469e-157  1.289407e-82  0.000000e+00  0.000000e+00  0.000000e+00  0.000000e+00
   95    1      1      0    0      1      -1      -1  25.0 1.639739e-02 0.16186438 0.21369525 0.41544847 0.069844129 9.853829e-02 0.0070579830 5.201068e-03 4.505861e-04 5.654493e-03 5.648348e-06 5.842307e-03 6.045496e-46 4.385591e-15 3.785307e-90  1.092454e-16 2.468873e-280  1.684988e-40  7.657849e-72  6.034507e-47  0.000000e+00 1.748631e-286 5.262988e-202  0.000000e+00  1.405835e-60
   96    1      1      0    0      1      -1      -1  25.0 6.744135e-02 0.21442818 0.17317078 0.10064253 0.230449575 6.119258e-02 0.0642010533 3.189575e-02 5.009821e-02 6.479695e-03 2.626558e-07 3.095844e-08 1.204852e-21 1.841071e-10 1.410727e-20  1.247396e-38 4.607596e-112  5.547514e-17  0.000000e+00 1.698957e-166  3.610528e-66  0.000000e+00  0.000000e+00  6.746531e-86  0.000000e+00
   97    1      1      0    0      1      -1      -1  25.0 1.460845e-02 0.54851670 0.08120788 0.04200994 0.051301651 1.597108e-01 0.0194128168 1.608646e-03 1.231853e-02 6.928944e-02 5.410171e-19 6.540459e-15 1.410077e-53 1.235766e-05 3.760003e-08 2.446168e-136  2.741035e-06  1.692189e-56  0.000000e+00 2.341644e-102  0.000000e+00  0.000000e+00  0.000000e+00  0.000000e+00  0.000000e+00
   98    1      1      0    0      1      -1      -1  25.0 8.446640e-04 0.40674547 0.38540044 0.07823844 0.034973312 8.407413e-03 0.0753267754 1.485594e-03 1.808677e-04 8.396948e-03 2.199168e-08 6.528948e-55 6.534449e-51 6.457449e-36 5.215973e-48 2.254974e-188  1.834028e-83  0.000000e+00  5.514899e-08  0.000000e+00 6.176542e-246  0.000000e+00  0.000000e+00 8.892767e-242  0.000000e+00
   99    1      1      0    0      1      -1      -1  25.0 3.462584e-02 0.24432712 0.32250117 0.30379219 0.032357523 1.687363e-02 0.0080350156 2.336269e-02 1.113669e-02 9.867968e-12 1.645433e-09 2.988135e-03 5.248085e-32 6.196719e-39 4.043115e-12  2.829325e-22  0.000000e+00 3.309364e-288  5.192343e-27  0.000000e+00 7.743778e-174  0.000000e+00  0.000000e+00  0.000000e+00  0.000000e+00
  100    1      1      0    0      1      -1      -1  25.0 5.169336e-03 0.22777380 0.19619986 0.16966536 0.237952514 2.978055e-02 0.0733161762 1.200890e-02 3.895806e-02 8.544487e-06 7.397300e-15 1.114249e-18 3.155515e-11 9.165266e-03 1.649212e-06 8.689181e-138  1.129803e-72 9.507585e-207 1.370811e-296  0.000000e+00  1.910341e-99 5.200599e-160  0.000000e+00  0.000000e+00 1.515500e-267
0 #_N_MeanSize_at_Age_obs
0 #_N_environ_variables
0 #_N_environ_obs
0 #_N_sizefreq_methods
0 #_do_tags
0 #_morphcomp_data
#
999
