1 #_styr
100 #_endyr
1 #_nseas
 12 #_months/season
1 #_spawn_seas
1 #_Nfleet
2 #_Nsurveys
1 #_N_areas
Fishery%Survey%CPUE
 0.5 0.5 0.5 #_surveytiming_in_season
 1 1 1 #_area_assignments_for_each_fishery_and_survey
 1 #_units of catch:  1=bio; 2=num
 0.01 #_se of log(catch) only used for init_eq_catch and for Fmethod 2 and 3; use -1 for discard only fleets
1 #_Ngenders
25 #_Nages
 0 #_init_equil_catch_for_each_fishery
100 #_N_lines_of_catch_to_read
#_catch_biomass(mtons):_columns_are_fisheries,year,season
0 1 1
0 2 1
0 3 1
0 4 1
0 5 1
0 6 1
0 7 1
0 8 1
0 9 1
0 10 1
0 11 1
0 12 1
0 13 1
0 14 1
0 15 1
0 16 1
0 17 1
0 18 1
0 19 1
0 20 1
0 21 1
0 22 1
0 23 1
0 24 1
0 25 1
1.24837e+009 26 1
9.18982e+008 27 1
7.17757e+008 28 1
5.79344e+008 29 1
4.71289e+008 30 1
4.01197e+008 31 1
3.5842e+008 32 1
3.06264e+008 33 1
2.62372e+008 34 1
2.22844e+008 35 1
1.99859e+008 36 1
1.88751e+008 37 1
1.72405e+008 38 1
1.58492e+008 39 1
1.46569e+008 40 1
1.47355e+008 41 1
1.59348e+008 42 1
1.63369e+008 43 1
1.57197e+008 44 1
1.4968e+008 45 1
1.41879e+008 46 1
1.29193e+008 47 1
1.23488e+008 48 1
1.25431e+008 49 1
1.21659e+008 50 1
1.18867e+008 51 1
1.2145e+008 52 1
1.14377e+008 53 1
1.04726e+008 54 1
9.55858e+007 55 1
8.76046e+007 56 1
8.3712e+007 57 1
8.13939e+007 58 1
7.40617e+007 59 1
6.65462e+007 60 1
6.45772e+007 61 1
7.14648e+007 62 1
8.01134e+007 63 1
8.26263e+007 64 1
8.47459e+007 65 1
8.2902e+007 66 1
8.23216e+007 67 1
7.86158e+007 68 1
7.45063e+007 69 1
7.41376e+007 70 1
7.10868e+007 71 1
7.11106e+007 72 1
7.36316e+007 73 1
7.08976e+007 74 1
6.80515e+007 75 1
6.75558e+007 76 1
6.47761e+007 77 1
6.48198e+007 78 1
6.30432e+007 79 1
5.89738e+007 80 1
5.77113e+007 81 1
6.01641e+007 82 1
6.10783e+007 83 1
5.9428e+007 84 1
5.76824e+007 85 1
5.6294e+007 86 1
5.56542e+007 87 1
5.53763e+007 88 1
5.40146e+007 89 1
5.13367e+007 90 1
4.97468e+007 91 1
4.95724e+007 92 1
4.8343e+007 93 1
5.00905e+007 94 1
5.23294e+007 95 1
5.3807e+007 96 1
5.15464e+007 97 1
4.97325e+007 98 1
5.00241e+007 99 1
4.88704e+007 100 1
#
150 #_N_cpue_and_surveyabundance_observations
#_Units:  0=numbers; 1=biomass; 2=F
#_Errtype:  -1=normal; 0=lognormal; >0=T
#_Fleet Units Errtype
1 1 0
2 1 0
3 1 0
#_year seas index obs err
26 1 2 3.94463e+009 0.2 #_orig_obs: 1 Survey
27 1 2 2.94054e+009 0.2 #_orig_obs: 1 Survey
28 1 2 2.2988e+009 0.2 #_orig_obs: 1 Survey
29 1 2 1.8517e+009 0.2 #_orig_obs: 1 Survey
30 1 2 1.50323e+009 0.2 #_orig_obs: 1 Survey
31 1 2 1.305e+009 0.2 #_orig_obs: 1 Survey
32 1 2 1.1417e+009 0.2 #_orig_obs: 1 Survey
33 1 2 9.81009e+008 0.2 #_orig_obs: 1 Survey
34 1 2 8.38758e+008 0.2 #_orig_obs: 1 Survey
35 1 2 7.14536e+008 0.2 #_orig_obs: 1 Survey
36 1 2 6.53492e+008 0.2 #_orig_obs: 1 Survey
37 1 2 6.05778e+008 0.2 #_orig_obs: 1 Survey
38 1 2 5.56012e+008 0.2 #_orig_obs: 1 Survey
39 1 2 5.10495e+008 0.2 #_orig_obs: 1 Survey
40 1 2 4.75488e+008 0.2 #_orig_obs: 1 Survey
41 1 2 4.8898e+008 0.2 #_orig_obs: 1 Survey
42 1 2 5.20808e+008 0.2 #_orig_obs: 1 Survey
43 1 2 5.27109e+008 0.2 #_orig_obs: 1 Survey
44 1 2 5.05828e+008 0.2 #_orig_obs: 1 Survey
45 1 2 4.86232e+008 0.2 #_orig_obs: 1 Survey
46 1 2 4.549e+008 0.2 #_orig_obs: 1 Survey
47 1 2 4.16681e+008 0.2 #_orig_obs: 1 Survey
48 1 2 4.05354e+008 0.2 #_orig_obs: 1 Survey
49 1 2 4.08185e+008 0.2 #_orig_obs: 1 Survey
50 1 2 3.90019e+008 0.2 #_orig_obs: 1 Survey
51 1 2 3.92395e+008 0.2 #_orig_obs: 1 Survey
52 1 2 3.90923e+008 0.2 #_orig_obs: 1 Survey
53 1 2 3.66976e+008 0.2 #_orig_obs: 1 Survey
54 1 2 3.37182e+008 0.2 #_orig_obs: 1 Survey
55 1 2 3.07874e+008 0.2 #_orig_obs: 1 Survey
56 1 2 2.83274e+008 0.2 #_orig_obs: 1 Survey
57 1 2 2.73428e+008 0.2 #_orig_obs: 1 Survey
58 1 2 2.61657e+008 0.2 #_orig_obs: 1 Survey
59 1 2 2.36351e+008 0.2 #_orig_obs: 1 Survey
60 1 2 2.16147e+008 0.2 #_orig_obs: 1 Survey
61 1 2 2.12317e+008 0.2 #_orig_obs: 1 Survey
62 1 2 2.40149e+008 0.2 #_orig_obs: 1 Survey
63 1 2 2.58328e+008 0.2 #_orig_obs: 1 Survey
64 1 2 2.70945e+008 0.2 #_orig_obs: 1 Survey
65 1 2 2.73245e+008 0.2 #_orig_obs: 1 Survey
66 1 2 2.69509e+008 0.2 #_orig_obs: 1 Survey
67 1 2 2.67455e+008 0.2 #_orig_obs: 1 Survey
68 1 2 2.51511e+008 0.2 #_orig_obs: 1 Survey
69 1 2 2.44486e+008 0.2 #_orig_obs: 1 Survey
70 1 2 2.39369e+008 0.2 #_orig_obs: 1 Survey
71 1 2 2.30311e+008 0.2 #_orig_obs: 1 Survey
72 1 2 2.3404e+008 0.2 #_orig_obs: 1 Survey
73 1 2 2.38747e+008 0.2 #_orig_obs: 1 Survey
74 1 2 2.26865e+008 0.2 #_orig_obs: 1 Survey
75 1 2 2.237e+008 0.2 #_orig_obs: 1 Survey
76 1 2 2.16954e+008 0.2 #_orig_obs: 1 Survey
77 1 2 2.11476e+008 0.2 #_orig_obs: 1 Survey
78 1 2 2.10762e+008 0.2 #_orig_obs: 1 Survey
79 1 2 2.02676e+008 0.2 #_orig_obs: 1 Survey
80 1 2 1.90561e+008 0.2 #_orig_obs: 1 Survey
81 1 2 1.89871e+008 0.2 #_orig_obs: 1 Survey
82 1 2 1.967e+008 0.2 #_orig_obs: 1 Survey
83 1 2 1.97315e+008 0.2 #_orig_obs: 1 Survey
84 1 2 1.92266e+008 0.2 #_orig_obs: 1 Survey
85 1 2 1.87251e+008 0.2 #_orig_obs: 1 Survey
86 1 2 1.82649e+008 0.2 #_orig_obs: 1 Survey
87 1 2 1.81519e+008 0.2 #_orig_obs: 1 Survey
88 1 2 1.793e+008 0.2 #_orig_obs: 1 Survey
89 1 2 1.74953e+008 0.2 #_orig_obs: 1 Survey
90 1 2 1.65034e+008 0.2 #_orig_obs: 1 Survey
91 1 2 1.63633e+008 0.2 #_orig_obs: 1 Survey
92 1 2 1.59244e+008 0.2 #_orig_obs: 1 Survey
93 1 2 1.58792e+008 0.2 #_orig_obs: 1 Survey
94 1 2 1.63676e+008 0.2 #_orig_obs: 1 Survey
95 1 2 1.71463e+008 0.2 #_orig_obs: 1 Survey
96 1 2 1.738e+008 0.2 #_orig_obs: 1 Survey
97 1 2 1.655e+008 0.2 #_orig_obs: 1 Survey
98 1 2 1.63268e+008 0.2 #_orig_obs: 1 Survey
99 1 2 1.6181e+008 0.2 #_orig_obs: 1 Survey
100 1 2 1.58973e+008 0.2 #_orig_obs: 1 Survey
26 1 3 3.93237e+009 0.4 #_orig_obs: 1 CPUE
27 1 3 2.89523e+009 0.4 #_orig_obs: 1 CPUE
28 1 3 2.2613e+009 0.4 #_orig_obs: 1 CPUE
29 1 3 1.82519e+009 0.4 #_orig_obs: 1 CPUE
30 1 3 1.48472e+009 0.4 #_orig_obs: 1 CPUE
31 1 3 1.26421e+009 0.4 #_orig_obs: 1 CPUE
32 1 3 1.12913e+009 0.4 #_orig_obs: 1 CPUE
33 1 3 9.6489e+008 0.4 #_orig_obs: 1 CPUE
34 1 3 8.26588e+008 0.4 #_orig_obs: 1 CPUE
35 1 3 7.02073e+008 0.4 #_orig_obs: 1 CPUE
36 1 3 6.29812e+008 0.4 #_orig_obs: 1 CPUE
37 1 3 5.94672e+008 0.4 #_orig_obs: 1 CPUE
38 1 3 5.43204e+008 0.4 #_orig_obs: 1 CPUE
39 1 3 4.99361e+008 0.4 #_orig_obs: 1 CPUE
40 1 3 4.61825e+008 0.4 #_orig_obs: 1 CPUE
41 1 3 4.64432e+008 0.4 #_orig_obs: 1 CPUE
42 1 3 5.02146e+008 0.4 #_orig_obs: 1 CPUE
43 1 3 5.14737e+008 0.4 #_orig_obs: 1 CPUE
44 1 3 4.95274e+008 0.4 #_orig_obs: 1 CPUE
45 1 3 4.71647e+008 0.4 #_orig_obs: 1 CPUE
46 1 3 4.46994e+008 0.4 #_orig_obs: 1 CPUE
47 1 3 4.0705e+008 0.4 #_orig_obs: 1 CPUE
48 1 3 3.89158e+008 0.4 #_orig_obs: 1 CPUE
49 1 3 3.95246e+008 0.4 #_orig_obs: 1 CPUE
50 1 3 3.83286e+008 0.4 #_orig_obs: 1 CPUE
51 1 3 3.74625e+008 0.4 #_orig_obs: 1 CPUE
52 1 3 3.82652e+008 0.4 #_orig_obs: 1 CPUE
53 1 3 3.60353e+008 0.4 #_orig_obs: 1 CPUE
54 1 3 3.29958e+008 0.4 #_orig_obs: 1 CPUE
55 1 3 3.01162e+008 0.4 #_orig_obs: 1 CPUE
56 1 3 2.76027e+008 0.4 #_orig_obs: 1 CPUE
57 1 3 2.63796e+008 0.4 #_orig_obs: 1 CPUE
58 1 3 2.56444e+008 0.4 #_orig_obs: 1 CPUE
59 1 3 2.3332e+008 0.4 #_orig_obs: 1 CPUE
60 1 3 2.09686e+008 0.4 #_orig_obs: 1 CPUE
61 1 3 2.03507e+008 0.4 #_orig_obs: 1 CPUE
62 1 3 2.25279e+008 0.4 #_orig_obs: 1 CPUE
63 1 3 2.52414e+008 0.4 #_orig_obs: 1 CPUE
64 1 3 2.60386e+008 0.4 #_orig_obs: 1 CPUE
65 1 3 2.67011e+008 0.4 #_orig_obs: 1 CPUE
66 1 3 2.61227e+008 0.4 #_orig_obs: 1 CPUE
67 1 3 2.59399e+008 0.4 #_orig_obs: 1 CPUE
68 1 3 2.47673e+008 0.4 #_orig_obs: 1 CPUE
69 1 3 2.34799e+008 0.4 #_orig_obs: 1 CPUE
70 1 3 2.33592e+008 0.4 #_orig_obs: 1 CPUE
71 1 3 2.23986e+008 0.4 #_orig_obs: 1 CPUE
72 1 3 2.24105e+008 0.4 #_orig_obs: 1 CPUE
73 1 3 2.32011e+008 0.4 #_orig_obs: 1 CPUE
74 1 3 2.23357e+008 0.4 #_orig_obs: 1 CPUE
75 1 3 2.14463e+008 0.4 #_orig_obs: 1 CPUE
76 1 3 2.12839e+008 0.4 #_orig_obs: 1 CPUE
77 1 3 2.04122e+008 0.4 #_orig_obs: 1 CPUE
78 1 3 2.04251e+008 0.4 #_orig_obs: 1 CPUE
79 1 3 1.98626e+008 0.4 #_orig_obs: 1 CPUE
80 1 3 1.85814e+008 0.4 #_orig_obs: 1 CPUE
81 1 3 1.81875e+008 0.4 #_orig_obs: 1 CPUE
82 1 3 1.89593e+008 0.4 #_orig_obs: 1 CPUE
83 1 3 1.92446e+008 0.4 #_orig_obs: 1 CPUE
84 1 3 1.87249e+008 0.4 #_orig_obs: 1 CPUE
85 1 3 1.81756e+008 0.4 #_orig_obs: 1 CPUE
86 1 3 1.7738e+008 0.4 #_orig_obs: 1 CPUE
87 1 3 1.75375e+008 0.4 #_orig_obs: 1 CPUE
88 1 3 1.74484e+008 0.4 #_orig_obs: 1 CPUE
89 1 3 1.70196e+008 0.4 #_orig_obs: 1 CPUE
90 1 3 1.61741e+008 0.4 #_orig_obs: 1 CPUE
91 1 3 1.56777e+008 0.4 #_orig_obs: 1 CPUE
92 1 3 1.56181e+008 0.4 #_orig_obs: 1 CPUE
93 1 3 1.52349e+008 0.4 #_orig_obs: 1 CPUE
94 1 3 1.57845e+008 0.4 #_orig_obs: 1 CPUE
95 1 3 1.64907e+008 0.4 #_orig_obs: 1 CPUE
96 1 3 1.69536e+008 0.4 #_orig_obs: 1 CPUE
97 1 3 1.624e+008 0.4 #_orig_obs: 1 CPUE
98 1 3 1.56728e+008 0.4 #_orig_obs: 1 CPUE
99 1 3 1.57618e+008 0.4 #_orig_obs: 1 CPUE
100 1 3 1.53991e+008 0.4 #_orig_obs: 1 CPUE

0 #_N_fleets_with_discard
#_discard_units (1=same_as_catchunits(bio/num); 2=fraction; 3=numbers)
#_discard_errtype:  >0 for DF of T-dist(read CV below); 0 for normal with CV; -1 for normal with se; -2 for lognormal
#Fleet Disc_units err_type
0 #N discard obs
#_year seas index obs err
#
0 #_N_meanbodywt_obs
1 #_DF_for_meanbodywt_T-distribution_like

2 # length bin method: 1=use databins; 2=generate from binwidth,min,max below; 3=read vector
1 # binwidth for population size comp 
10 # minimum size in the population (lower edge of first bin and size at age 0.00) 
200 # maximum size in the population (lower edge of last bin) 

-0.001 #_comp_tail_compression
1e-005 #_add_to_comp
0 #_combine males into females at or below this bin number
21 #_N_LengthBins
 10 53 70 83 94 101 107 111 114 117 120 123 125 127 130 132 135 138 142 148 200
150 #_N_Length_obs
#Yr Seas Flt/Svy Gender Part Nsamp datavector(female-male)
 26 1 1 0 0 100  6.44942 14.753 19.7863 13.7748 8.66518 7.68155 4.97541 3.53879 3.31029 3.03692 2.7298 1.63804 1.4876 1.9466 1.11106 1.39745 1.09848 1.06007 0.923608 0.634643 0.00099998
 27 1 1 0 0 100  23.7256 11.475 11.8935 13.3851 7.84557 6.40746 4.18173 3.03583 2.88767 2.68304 2.43113 1.46402 1.33084 1.74048 0.991634 1.24388 0.974151 0.936097 0.811525 0.554743 0.000999956
 28 1 1 0 0 100  21.8423 28.4464 9.95768 8.32426 6.2708 5.23314 3.30231 2.36056 2.24041 2.09207 1.9113 1.15919 1.0588 1.39072 0.79466 0.997783 0.781184 0.749194 0.646924 0.439298 0.00099992
 29 1 1 0 0 100  17.8992 29.9697 18.4025 7.98975 4.54566 4.21394 2.79905 2.01881 1.9121 1.77814 1.62053 0.98299 0.899158 1.18429 0.67897 0.855007 0.671271 0.644823 0.556681 0.376394 0.0009999
 30 1 1 0 0 100  16.1795 26.3284 21.5521 12.3739 4.95396 3.62585 2.35924 1.73854 1.67803 1.58112 1.45135 0.882943 0.80854 1.06583 0.611656 0.771136 0.606517 0.583846 0.505121 0.341486 0.000999889
 31 1 1 0 0 100  31.0454 21.5296 15.8114 11.8931 5.37484 3.37972 1.86467 1.27707 1.19773 1.11999 1.03151 0.631292 0.580872 0.769455 0.443429 0.560488 0.441934 0.426268 0.369641 0.250556 0.000999862
 32 1 1 0 0 100  12.9577 38.9314 17.547 10.7112 5.81301 3.87302 2.03717 1.29717 1.13913 1.00886 0.89537 0.537922 0.491077 0.647877 0.373322 0.472707 0.373904 0.361885 0.314956 0.214278 0.000999851
 33 1 1 0 0 100  18.0034 22.3485 25.4181 13.4946 5.89089 4.22217 2.32447 1.47893 1.26833 1.08095 0.917904 0.532317 0.474398 0.611349 0.346255 0.433833 0.340821 0.329066 0.286731 0.195963 0.000999846
 34 1 1 0 0 100  16.7999 25.4605 18.7619 16.1905 7.40871 4.56892 2.42751 1.55477 1.34211 1.14123 0.955625 0.543462 0.475228 0.597328 0.330076 0.404919 0.311652 0.296105 0.255029 0.173657 0.00099984
 35 1 1 0 0 100  20.358 23.7759 18.0492 13.6066 7.75239 5.2909 2.72541 1.67286 1.40192 1.16856 0.965445 0.54358 0.471129 0.584356 0.317779 0.383081 0.28854 0.267961 0.225197 0.15018 0.000999833
 36 1 1 0 0 100  33.0129 24.1316 13.7399 10.0441 5.59448 4.14109 2.3005 1.45256 1.22052 1.00501 0.81373 0.449691 0.384187 0.468624 0.250902 0.29797 0.220521 0.200684 0.164232 0.105839 0.000999819
 37 1 1 0 0 100  18.1825 38.8915 17.1464 8.82205 4.77736 3.55443 2.0351 1.32597 1.14373 0.960823 0.786087 0.434788 0.369865 0.446689 0.235982 0.27608 0.200521 0.178679 0.142304 0.0881236 0.000999813
 38 1 1 0 0 100  21.9748 26.6523 23.6737 11.6077 4.6047 3.26719 1.87303 1.23418 1.07995 0.922461 0.76721 0.429423 0.367864 0.44644 0.236038 0.275114 0.197997 0.173781 0.135017 0.0801271 0.000999809
 39 1 1 0 0 100  21.4241 28.5999 19.2341 13.8516 5.81551 3.40649 1.76998 1.13491 0.987506 0.846455 0.709993 0.400981 0.346025 0.423443 0.225508 0.264043 0.190447 0.166695 0.127979 0.0733768 0.000999806
 40 1 1 0 0 100  27.0216 26.6622 17.7421 11.7605 5.88614 3.74051 1.84588 1.10778 0.915996 0.756965 0.621706 0.348338 0.300137 0.367908 0.196786 0.231504 0.167929 0.147615 0.113386 0.0639707 0.000999802
 41 1 1 0 0 100  37.5995 27.6059 13.6105 8.50959 4.21661 2.85259 1.48943 0.90686 0.742207 0.5977 0.475035 0.259143 0.219273 0.264132 0.139716 0.163284 0.118182 0.10399 0.0801635 0.0452216 0.000999797
 42 1 1 0 0 100  26.8444 39.004 16.2911 7.33905 3.43317 2.32657 1.24162 0.772726 0.643064 0.523007 0.415735 0.225155 0.1886 0.22361 0.116318 0.133773 0.0953204 0.0828295 0.0633255 0.0356595 0.000999795
 43 1 1 0 0 100  19.6839 35.0763 24.0244 10.4257 3.69007 2.329 1.22746 0.766856 0.64332 0.528349 0.423781 0.230742 0.193639 0.229335 0.118723 0.135463 0.0953322 0.0815636 0.0611768 0.0338118 0.000999795
 44 1 1 0 0 100  19.4292 28.0257 24.0562 14.9442 5.46177 2.91856 1.38359 0.830515 0.685411 0.559579 0.448971 0.245106 0.206255 0.245039 0.127079 0.14502 0.101773 0.0864886 0.063974 0.0344706 0.000999794
 45 1 1 0 0 100  26.3302 25.4207 18.3674 14.0737 6.5115 3.70774 1.67556 0.942872 0.736398 0.574613 0.44657 0.239612 0.199964 0.236228 0.122207 0.139361 0.0977915 0.0830224 0.0611298 0.0324087 0.000999794
 46 1 1 0 0 100  17.2996 33.6941 18.7543 12.3816 6.64653 4.35295 2.12399 1.21764 0.942542 0.716083 0.536329 0.278313 0.226642 0.260989 0.132154 0.148548 0.102995 0.086765 0.0635089 0.0333278 0.000999794
 47 1 1 0 0 100  22.9039 24.7342 21.3172 12.7469 6.11781 4.30876 2.28981 1.38863 1.11606 0.868595 0.656188 0.339006 0.273287 0.309099 0.152979 0.168165 0.113621 0.093455 0.066873 0.0344094 0.000999794
 48 1 1 0 0 100  33.3264 25.8704 14.6154 10.7927 5.19862 3.42397 1.83131 1.14687 0.955277 0.771267 0.602111 0.31809 0.25966 0.296217 0.146897 0.160632 0.107139 0.0863349 0.0599396 0.0297097 0.000999793
 49 1 1 0 0 100  25.7173 36.4111 16.0004 8.43689 4.39619 3.01861 1.59721 0.991748 0.827761 0.676374 0.538621 0.290402 0.241038 0.280314 0.141467 0.156633 0.10544 0.0850962 0.0584367 0.0279627 0.000999792
 50 1 1 0 0 100  17.0947 34.3734 23.8535 10.9193 4.40661 3.00872 1.63851 1.03288 0.868253 0.712659 0.570422 0.309534 0.258752 0.30428 0.155561 0.174604 0.119394 0.0978005 0.0679279 0.0322088 0.000999792
 51 1 1 0 0 100  35.2905 22.1051 18.1369 11.9505 4.5773 2.66073 1.35256 0.842781 0.711034 0.588723 0.475904 0.260395 0.219019 0.259446 0.133777 0.151406 0.10474 0.086989 0.0615364 0.0297235 0.000999792
 52 1 1 0 0 100  18.7122 40.2403 16.87 10.5446 5.23242 3.09554 1.47007 0.864014 0.700451 0.565096 0.451055 0.246105 0.207303 0.24667 0.128025 0.145924 0.101893 0.0855564 0.0614608 0.0303695 0.000999792
 53 1 1 0 0 100  17.3646 28.4929 25.9316 12.6768 5.42249 3.66288 1.85731 1.09665 0.873349 0.684608 0.529668 0.28224 0.234255 0.275241 0.141692 0.161107 0.112619 0.0950892 0.0690705 0.0348156 0.000999792
 54 1 1 0 0 100  21.0653 24.6688 20.6965 15.806 6.64522 3.93802 1.99442 1.21587 0.994367 0.792121 0.614491 0.325148 0.267202 0.309352 0.156689 0.175757 0.121255 0.101496 0.0735363 0.0374721 0.000999793
 55 1 1 0 0 100  21.7315 27.5521 17.5932 13.4866 7.20644 4.58502 2.2447 1.3251 1.06728 0.84814 0.661916 0.352709 0.291162 0.337948 0.170904 0.190719 0.130294 0.107682 0.0768515 0.0388064 0.000999793
 56 1 1 0 0 100  24.7288 27.5839 17.6127 11.3497 6.13117 4.37778 2.3178 1.40619 1.13833 0.89956 0.695388 0.367822 0.302414 0.350094 0.176861 0.197338 0.134692 0.110949 0.0784918 0.0389853 0.000999793
 57 1 1 0 0 100  29.8614 28.6994 16.0671 9.80348 4.84876 3.44991 1.91292 1.2122 1.01588 0.825168 0.649578 0.346519 0.285664 0.330655 0.166696 0.185419 0.126104 0.103507 0.0729019 0.0358637 0.000999793
 58 1 1 0 0 100  18.3793 36.877 19.5241 10.1756 4.74505 3.23789 1.77359 1.13414 0.967436 0.804281 0.649159 0.353309 0.295337 0.346651 0.176626 0.197755 0.135014 0.110866 0.0778288 0.0379308 0.000999793
 59 1 1 0 0 100  14.0441 28.3719 26.0219 14.2041 5.74185 3.71036 1.97465 1.24776 1.06113 0.885463 0.721747 0.397475 0.33593 0.400067 0.206814 0.234652 0.162368 0.134847 0.0954452 0.046453 0.000999793
 60 1 1 0 0 100  28.6515 19.9436 18.3871 14.9267 6.58389 3.9163 1.95939 1.20204 1.00518 0.830196 0.673774 0.37125 0.314684 0.377067 0.196616 0.225279 0.157925 0.133096 0.0958667 0.0474462 0.000999793
 61 1 1 0 0 100  34.4858 28.7735 12.2699 9.3504 5.33027 3.48028 1.7315 1.03066 0.836585 0.672746 0.534874 0.291232 0.245366 0.29281 0.152679 0.175313 0.123665 0.105229 0.0770166 0.0391317 0.000999793
 62 1 1 0 0 100  40.3138 31.406 12.7346 5.81086 3.00165 2.23722 1.21703 0.749661 0.614083 0.491177 0.384829 0.206404 0.171793 0.20218 0.104384 0.118922 0.0835664 0.0711148 0.0524296 0.02729 0.000999792
 63 1 1 0 0 100  18.6668 45.0164 20.1399 7.39834 2.80183 1.85999 1.03582 0.666915 0.567473 0.467915 0.373792 0.202049 0.168305 0.197296 0.101119 0.114173 0.0793796 0.0668922 0.0489692 0.0256108 0.000999792
 64 1 1 0 0 100  29.2344 25.969 24.1429 11.529 3.48212 1.91168 0.948515 0.587711 0.497162 0.414426 0.337602 0.185858 0.156865 0.186249 0.0963551 0.109237 0.075976 0.0637422 0.0462405 0.0239701 0.000999792
 65 1 1 0 0 100  19.9016 35.2089 19.4029 13.4403 5.39804 2.6752 1.1493 0.648502 0.515403 0.411479 0.327183 0.178657 0.150779 0.179922 0.0938685 0.107374 0.0754271 0.0637775 0.0464369 0.023938 0.000999792
 66 1 1 0 0 100  26.1016 26.6246 20.864 12.3976 5.73958 3.47786 1.56599 0.851055 0.63694 0.47483 0.354198 0.184947 0.151908 0.177024 0.0909493 0.103306 0.0724545 0.0614952 0.045144 0.0234559 0.000999792
 67 1 1 0 0 100  25.236 31.1434 17.502 11.7529 5.51122 3.45555 1.70273 0.98541 0.762073 0.5718 0.418321 0.211595 0.168525 0.188813 0.0933205 0.102753 0.070013 0.0582211 0.04225 0.0220034 0.000999792
 68 1 1 0 0 100  15.8486 33.7128 21.9097 12.23 5.86826 3.87555 1.9661 1.1693 0.931606 0.721324 0.541939 0.27799 0.222195 0.247701 0.120461 0.129757 0.0855367 0.0685229 0.0476839 0.0239672 0.000999792
 69 1 1 0 0 100  32.9908 21.5238 18.4118 12.1066 5.27383 3.42638 1.78389 1.08864 0.887158 0.702586 0.539821 0.282024 0.228414 0.258088 0.126726 0.136987 0.0899477 0.0709835 0.0477979 0.0227268 0.000999792
 70 1 1 0 0 100  21.5158 37.1879 15.9759 10.4679 5.32443 3.36852 1.71241 1.04268 0.856371 0.687901 0.538139 0.285832 0.234559 0.26918 0.134123 0.146759 0.097436 0.0773812 0.0518956 0.0238179 0.000999792
 71 1 1 0 0 100  24.5775 28.5395 21.7241 10.6786 4.7972 3.33712 1.75399 1.06937 0.875223 0.701735 0.550318 0.294001 0.242927 0.281745 0.142097 0.157431 0.106045 0.085439 0.0580591 0.0265644 0.000999792
 72 1 1 0 0 100  33.0603 27.5844 16.1968 10.6236 4.44214 2.72666 1.42496 0.888349 0.741131 0.602574 0.476645 0.255893 0.212108 0.247 0.125302 0.139733 0.0950819 0.077592 0.053674 0.0250618 0.000999791
 73 1 1 0 0 100  22.9214 37.5271 17.7279 9.44119 4.48137 2.80485 1.39258 0.837743 0.687486 0.557012 0.443035 0.239796 0.200166 0.235 0.120151 0.134864 0.0924685 0.0761158 0.0533398 0.0254487 0.000999791
 74 1 1 0 0 100  15.677 32.4066 25.3084 12.4655 4.99882 3.21573 1.64501 0.992437 0.80681 0.644154 0.505106 0.270961 0.22531 0.264288 0.135358 0.152635 0.105354 0.0874702 0.0620029 0.0300834 0.000999792
 75 1 1 0 0 100  33.5254 21.1809 18.2123 13.1703 5.3381 3.0909 1.52097 0.915822 0.747956 0.599432 0.47006 0.251432 0.208283 0.243011 0.123882 0.139222 0.0959749 0.0798365 0.0570109 0.0281774 0.000999792
 76 1 1 0 0 100  18.1311 38.8281 16.6693 11.0492 5.8413 3.5858 1.71725 1.00001 0.797043 0.628275 0.488197 0.260122 0.215131 0.250634 0.127537 0.14304 0.0983271 0.0815724 0.0581799 0.0289479 0.000999792
 77 1 1 0 0 100  29.2755 24.7585 20.9518 10.702 4.82494 3.39535 1.76747 1.05578 0.84348 0.658661 0.504099 0.264959 0.21702 0.250387 0.126437 0.141078 0.0965638 0.0798529 0.0567953 0.0282631 0.000999792
 78 1 1 0 0 100  25.6863 33.1745 16.6438 10.9831 4.82899 2.97416 1.55458 0.965737 0.799719 0.642527 0.500381 0.264657 0.21678 0.24907 0.124894 0.138248 0.0937416 0.0768309 0.0541934 0.0268258 0.000999792
 79 1 1 0 0 100  18.5441 33.7139 21.7532 11.3091 5.19017 3.35831 1.69222 1.02058 0.836257 0.67466 0.532937 0.286185 0.237169 0.275789 0.139449 0.155003 0.105102 0.0857578 0.0598947 0.0291962 0.000999792
 80 1 1 0 0 100  23.5075 25.6913 21.6719 13.4753 5.61321 3.5094 1.79723 1.09363 0.895281 0.71786 0.563407 0.301674 0.25012 0.291959 0.148536 0.166336 0.113744 0.0934717 0.0654972 0.0316751 0.000999792
 81 1 1 0 0 100  33.8814 26.2239 14.8744 10.9273 5.2067 3.19664 1.58372 0.950241 0.774548 0.620977 0.487918 0.261457 0.216797 0.252992 0.128797 0.14437 0.0990398 0.0818091 0.057798 0.0281952 0.000999792
 82 1 1 0 0 100  28.0139 35.8262 15.6122 8.25096 4.25887 2.86291 1.46053 0.875089 0.707224 0.561375 0.437428 0.233295 0.192997 0.224851 0.114464 0.12832 0.0881423 0.0729534 0.0517627 0.0254955 0.000999792
 83 1 1 0 0 100  20.9551 35.1694 21.9989 9.8985 3.98947 2.69265 1.44035 0.891055 0.73406 0.588863 0.460265 0.245115 0.202228 0.234684 0.118976 0.132977 0.0911006 0.0753076 0.053456 0.0264306 0.000999792
 84 1 1 0 0 100  22.9379 28.3291 22.4212 13.1495 4.93156 2.84832 1.43402 0.88369 0.736337 0.60061 0.477283 0.257127 0.213578 0.249206 0.126663 0.14163 0.0968858 0.0798835 0.0565227 0.0279003 0.000999792
 85 1 1 0 0 100  25.5263 28.5269 18.4906 12.8802 5.77505 3.3267 1.56058 0.909742 0.731478 0.584239 0.460803 0.248575 0.207365 0.243682 0.124831 0.140511 0.0967222 0.080079 0.0567534 0.0279736 0.000999792
 86 1 1 0 0 100  25.1858 30.7513 18.0094 11.1589 5.53034 3.54734 1.73276 1.00499 0.790975 0.613598 0.469886 0.248165 0.204429 0.237794 0.121165 0.136265 0.0940377 0.0782594 0.0558611 0.0277042 0.000999792
 87 1 1 0 0 100  27.9151 29.9439 18.0251 10.3423 4.80372 3.20758 1.66198 1.00098 0.80497 0.630203 0.481165 0.251614 0.204989 0.234854 0.117849 0.130861 0.0892766 0.0737516 0.0525332 0.026218 0.000999792
 88 1 1 0 0 100  23.1236 33.5739 19.1255 10.6416 4.7384 3.0529 1.58766 0.974876 0.801568 0.641936 0.499642 0.264314 0.216457 0.248398 0.124258 0.137076 0.0925019 0.0754146 0.0529184 0.0261324 0.000999792
 89 1 1 0 0 100  23.4899 30.0216 20.836 11.7166 4.97141 3.1315 1.59801 0.974347 0.80193 0.646884 0.50952 0.272771 0.225529 0.261604 0.132022 0.146475 0.0991067 0.080624 0.0560451 0.0271558 0.000999792
 90 1 1 0 0 100  19.597 30.746 20.9107 13.1222 5.77052 3.51963 1.75501 1.05724 0.863686 0.69362 0.545873 0.292831 0.242953 0.283525 0.1441 0.161087 0.109894 0.0900475 0.0628515 0.0302081 0.000999792
 91 1 1 0 0 100  33.6224 24.1202 16.7141 11.2391 5.21377 3.29505 1.64059 0.977155 0.789291 0.627447 0.489949 0.261705 0.21672 0.252744 0.128657 0.144208 0.0988909 0.081591 0.0574882 0.0278795 0.000999792
 92 1 1 0 0 100  18.3305 39.137 17.7249 10.1972 5.16332 3.36428 1.71507 1.03263 0.836765 0.663965 0.515732 0.273894 0.225783 0.262037 0.132849 0.148574 0.101785 0.0840866 0.0595198 0.0291309 0.000999792
 93 1 1 0 0 100  32.497 24.1301 20.0966 10.3742 4.31972 2.93979 1.55277 0.951799 0.780326 0.62459 0.487815 0.259642 0.214061 0.248071 0.125471 0.139892 0.0955115 0.0786727 0.0556206 0.0273625 0.000999792
 94 1 1 0 0 100  28.1835 34.3751 15.6587 9.93629 4.34902 2.58506 1.31523 0.811809 0.67503 0.548482 0.434004 0.233086 0.193206 0.224932 0.114161 0.127434 0.0870311 0.0715957 0.0504976 0.0248358 0.000999792
 95 1 1 0 0 100  28.942 32.2979 18.7118 9.03791 3.9606 2.5363 1.25937 0.749724 0.608522 0.488244 0.385584 0.207936 0.173269 0.203159 0.103903 0.116659 0.0801398 0.066195 0.0468009 0.0230298 0.000999791
 96 1 1 0 0 100  20.5259 35.695 21.04 11.0468 4.3632 2.62127 1.31582 0.792753 0.643967 0.512611 0.399856 0.213423 0.176726 0.206263 0.105321 0.118418 0.0816595 0.0678272 0.0482811 0.0238766 0.000999792
 97 1 1 0 0 100  18.2228 29.1531 24.2136 14.0004 5.63121 3.28874 1.57788 0.928183 0.745971 0.591209 0.46026 0.245111 0.202438 0.235335 0.119531 0.133844 0.0919075 0.0761891 0.0542916 0.026974 0.000999792
 98 1 1 0 0 100  32.8281 22.9515 16.9292 12.7858 5.73147 3.38001 1.60679 0.930828 0.735649 0.57312 0.439562 0.231773 0.190277 0.219941 0.11124 0.124112 0.0849222 0.0701447 0.0498235 0.0247912 0.000999792
 99 1 1 0 0 100  22.5533 36.8224 16.0687 9.99383 5.38435 3.48495 1.71368 0.998674 0.786922 0.608173 0.461202 0.240531 0.195733 0.223925 0.11215 0.124134 0.0842635 0.0691271 0.0487832 0.0241488 0.000999792
 100 1 1 0 0 100  26.8569 28.6409 20.8076 10.1624 4.49766 3.1714 1.68596 1.02401 0.826512 0.647993 0.494274 0.257675 0.209047 0.237737 0.118112 0.129651 0.0870941 0.0706767 0.0492684 0.0240799 0.000999792
 26 1 2 0 0 100  11.3374 14.2481 18.6865 13.0082 8.18297 7.25409 4.69855 3.34189 3.12611 2.86795 2.57792 1.54693 1.40487 1.83832 1.04928 1.31973 1.0374 1.00113 0.872258 0.599377 0.000999969
 27 1 2 0 0 100  31.5243 11.8973 10.3848 11.6864 6.84997 5.59438 3.65112 2.65066 2.5213 2.34265 2.12271 1.27833 1.16206 1.51971 0.865906 1.08613 0.850642 0.817417 0.708656 0.484464 0.000999935
 28 1 2 0 0 100  28.76 27.0195 8.86005 7.40408 5.57762 4.65468 2.93732 2.09969 1.99282 1.86089 1.7001 1.03114 0.94185 1.23707 0.706913 0.887579 0.694927 0.666474 0.575511 0.39084 0.000999906
 29 1 2 0 0 100  23.8096 28.7337 16.754 7.27273 4.13773 3.83579 2.54789 1.83769 1.74056 1.61862 1.47516 0.894846 0.818539 1.07807 0.618115 0.778351 0.611107 0.587033 0.506803 0.342698 0.00099989
 30 1 2 0 0 100  24.4237 24.4076 19.1826 11.012 4.40878 3.22686 2.09967 1.54728 1.49344 1.40719 1.29171 0.785866 0.719652 0.948618 0.54444 0.686365 0.539866 0.519691 0.449631 0.304008 0.000999878
 31 1 2 0 0 100  38.1833 21.0874 13.5794 10.2131 4.61565 2.90239 1.60138 1.09679 1.02866 0.961903 0.885928 0.542248 0.498951 0.660891 0.380925 0.481446 0.37964 0.366188 0.317561 0.2153 0.000999852
 32 1 2 0 0 100  18.2242 37.0692 16.3081 9.95203 5.401 3.59853 1.89282 1.20528 1.05845 0.937415 0.831968 0.499859 0.456336 0.60202 0.346928 0.439268 0.347468 0.336302 0.2927 0.199159 0.000999847
 33 1 2 0 0 100  24.3544 21.6789 22.9974 12.2086 5.32954 3.81985 2.10302 1.33807 1.14755 0.978017 0.830515 0.481678 0.429279 0.553178 0.313349 0.392581 0.308433 0.297798 0.259498 0.177381 0.000999841
 34 1 2 0 0 100  23.0732 24.4457 17.0545 14.7148 6.73349 4.15254 2.20633 1.41314 1.21986 1.0373 0.868609 0.494015 0.432001 0.542971 0.30008 0.3681 0.283336 0.269206 0.231873 0.157919 0.000999835
 35 1 2 0 0 100  29.469 21.9654 15.6914 11.8275 6.73879 4.59917 2.36916 1.45424 1.21873 1.01589 0.839331 0.47263 0.409653 0.508075 0.276356 0.333118 0.25094 0.233052 0.19588 0.130673 0.000999827
 36 1 2 0 0 100  40.6732 23.0663 11.626 8.49748 4.73307 3.50351 1.94637 1.22901 1.03271 0.850386 0.688567 0.380591 0.325175 0.396609 0.212416 0.252235 0.186714 0.169932 0.139094 0.0896937 0.000999815
 37 1 2 0 0 100  24.9336 36.3644 15.4612 7.95275 4.30663 3.20423 1.83463 1.19539 1.03111 0.866229 0.708714 0.392037 0.333511 0.402764 0.212824 0.24897 0.180858 0.161168 0.128378 0.0795371 0.000999811
 38 1 2 0 0 100  29.3105 25.2713 20.9299 10.2614 4.07068 2.88831 1.65587 1.09113 0.954789 0.815572 0.678329 0.379726 0.325308 0.394769 0.208773 0.243317 0.175146 0.153739 0.119471 0.0709483 0.000999807
 39 1 2 0 0 100  29.1754 26.7805 16.9521 12.2062 5.12475 3.00192 1.55982 1.00021 0.870309 0.746015 0.625764 0.353463 0.305036 0.373257 0.198836 0.232793 0.16794 0.14701 0.112894 0.0647784 0.000999804
 40 1 2 0 0 100  37.2738 24.0031 14.8339 9.83129 4.92062 3.127 1.54321 0.926199 0.765881 0.632941 0.519872 0.291354 0.251061 0.307713 0.164665 0.193687 0.140542 0.123561 0.0949476 0.0536396 0.0009998
 41 1 2 0 0 100  46.2218 25.3376 11.1252 6.95444 3.44609 2.33138 1.21738 0.741289 0.606731 0.488637 0.388392 0.21196 0.179377 0.216038 0.114362 0.133622 0.0967636 0.0851659 0.0656941 0.0371388 0.000999796
 42 1 2 0 0 100  34.3044 35.9904 14.1712 6.38226 2.98563 2.02333 1.07985 0.672097 0.559342 0.45494 0.361655 0.195926 0.164138 0.194583 0.101281 0.11646 0.0830214 0.0721593 0.0551986 0.03114 0.000999795
 43 1 2 0 0 100  26.3106 33.0382 21.5884 9.36714 3.31544 2.09259 1.10291 0.689082 0.578092 0.474796 0.380847 0.207411 0.174077 0.206147 0.106768 0.121808 0.0857525 0.0733822 0.0550657 0.0304797 0.000999794
 44 1 2 0 0 100  27.2481 26.1966 21.3146 13.2395 4.83877 2.58571 1.22585 0.735879 0.607329 0.495853 0.397863 0.217257 0.182838 0.217197 0.112695 0.128589 0.0902761 0.0767355 0.0567895 0.030652 0.000999794
 45 1 2 0 0 100  33.6008 24.3096 16.0232 12.2758 5.67974 3.23417 1.46163 0.822541 0.642446 0.501329 0.389645 0.209128 0.174545 0.206175 0.106722 0.121684 0.0854257 0.0725434 0.0534478 0.028396 0.000999793
 46 1 2 0 0 100  23.9089 31.7507 16.9705 11.2014 6.01304 3.9381 1.92161 1.10166 0.852788 0.647917 0.485298 0.251878 0.205133 0.236206 0.119652 0.134483 0.0932722 0.0785892 0.0575501 0.0302461 0.000999793
 47 1 2 0 0 100  32.1565 22.8006 18.3379 10.9642 5.26226 3.70623 1.96967 1.19454 0.960093 0.747245 0.564547 0.291729 0.235202 0.266005 0.131722 0.144784 0.0978686 0.0805234 0.0576594 0.0297364 0.000999793
 48 1 2 0 0 100  41.9642 24.0363 12.1788 8.99192 4.33127 2.85276 1.52588 0.955656 0.796033 0.64273 0.501802 0.265176 0.216496 0.246953 0.12255 0.133994 0.0894268 0.0720946 0.050104 0.0249187 0.000999792
 49 1 2 0 0 100  32.5516 34.1223 14.0813 7.42305 3.86794 2.65593 1.40537 0.872673 0.728395 0.595203 0.474006 0.25562 0.212189 0.246744 0.124585 0.137928 0.0928874 0.0749889 0.0515335 0.0247221 0.000999792
 50 1 2 0 0 100  26.1061 31.1801 20.9948 9.60909 3.87791 2.64778 1.442 0.909048 0.764178 0.627256 0.502088 0.272508 0.22782 0.267884 0.137013 0.153771 0.105186 0.0861839 0.0598962 0.0284635 0.000999792
 51 1 2 0 0 100  43.0973 21.2888 15.1606 9.98861 3.82594 2.22404 1.13065 0.704572 0.594456 0.492227 0.397932 0.217806 0.183224 0.217013 0.111977 0.126711 0.0877072 0.0728707 0.0515971 0.0250075 0.000999792
 52 1 2 0 0 100  24.9032 37.8931 15.2924 9.55559 4.74169 2.80526 1.33227 0.783058 0.634839 0.512181 0.408837 0.223113 0.187951 0.223625 0.116109 0.132329 0.0924289 0.0776245 0.0557892 0.0276144 0.000999792
 53 1 2 0 0 100  24.0485 27.0447 23.4245 11.45 4.89776 3.30846 1.67764 0.990604 0.788915 0.618443 0.478499 0.255019 0.211678 0.248698 0.128075 0.145611 0.101815 0.0859824 0.062482 0.0315426 0.000999792
 54 1 2 0 0 100  28.3537 23.5076 18.3604 14.0202 5.89447 3.49317 1.76918 1.07859 0.882123 0.702729 0.545171 0.288521 0.237123 0.27451 0.139097 0.15601 0.107667 0.0901409 0.0653402 0.0333509 0.000999792
 55 1 2 0 0 100  29.3524 25.9228 15.5158 11.8921 6.35447 4.043 1.97941 1.16854 0.941206 0.747973 0.583769 0.311123 0.256853 0.298107 0.150814 0.168286 0.115006 0.0950676 0.0678827 0.0343361 0.000999792
 56 1 2 0 0 100  33.6079 25.42 15.1333 9.7504 5.26725 3.76096 1.9913 1.20816 0.978044 0.772927 0.597529 0.316126 0.259936 0.300897 0.152077 0.169668 0.115851 0.0954539 0.0675709 0.033632 0.000999792
 57 1 2 0 0 100  37.5132 26.9648 13.7734 8.40252 4.15591 2.95698 1.63966 1.03909 0.870835 0.707376 0.556882 0.297137 0.244979 0.28354 0.143014 0.159061 0.108224 0.0888561 0.0626254 0.0308808 0.000999792
 58 1 2 0 0 100  24.0919 35.1079 17.8051 9.27759 4.32631 2.95218 1.61713 1.03412 0.882132 0.733378 0.591948 0.322211 0.269357 0.316142 0.161124 0.180388 0.123185 0.101169 0.0710474 0.0346711 0.000999793
 59 1 2 0 0 100  21.1327 26.6296 23.6068 12.8843 5.20838 3.36567 1.79125 1.1319 0.962612 0.803274 0.654771 0.360633 0.304806 0.362984 0.187689 0.21294 0.147372 0.122409 0.0866687 0.0422292 0.000999793
 60 1 2 0 0 100  38.0855 18.7685 15.433 12.5274 5.52568 3.28691 1.64457 1.00897 0.843755 0.696902 0.565625 0.311732 0.264259 0.316614 0.16517 0.189226 0.132699 0.111861 0.0806167 0.0399798 0.000999793
 61 1 2 0 0 100  45.4074 25.1622 9.82923 7.48853 4.26896 2.78739 1.38687 0.825611 0.670181 0.53897 0.428555 0.233434 0.196701 0.234697 0.122472 0.140599 0.0992363 0.0844725 0.0618781 0.0315378 0.000999792
 62 1 2 0 0 100  47.7469 28.9988 10.4715 4.77714 2.46775 1.83933 1.00067 0.616452 0.504997 0.40396 0.316534 0.169856 0.141404 0.166384 0.0859893 0.0979403 0.0688753 0.0586392 0.0432787 0.0226122 0.000999792
 63 1 2 0 0 100  26.5745 41.1575 17.8959 6.57218 2.489 1.65236 0.920241 0.592538 0.504203 0.415764 0.332154 0.179594 0.149618 0.175372 0.0899368 0.101532 0.0706252 0.0595325 0.0436114 0.0228619 0.000999792
 64 1 2 0 0 100  36.9465 24.6169 20.7147 9.89118 2.98754 1.64022 0.813895 0.504353 0.426669 0.355687 0.289778 0.159594 0.13472 0.159929 0.0828073 0.0938587 0.0653236 0.0548279 0.0398128 0.0207065 0.000999792
 65 1 2 0 0 100  27.4767 32.6614 17.2312 11.9333 4.79284 2.37533 1.02053 0.575894 0.45772 0.36545 0.290606 0.158735 0.133983 0.159858 0.0834546 0.0954458 0.0670812 0.0567379 0.0413418 0.0213658 0.000999792
 66 1 2 0 0 100  34.4663 24.8491 17.9562 10.6684 4.93911 2.99288 1.34769 0.732483 0.548234 0.408736 0.304931 0.159289 0.130858 0.15247 0.0784024 0.0890354 0.0624874 0.0530568 0.0389864 0.0203235 0.000999792
 67 1 2 0 0 100  32.0024 29.5372 15.4327 10.3613 4.85871 3.04647 1.50121 0.868838 0.671948 0.504207 0.368902 0.186656 0.148687 0.166572 0.082388 0.0907039 0.0618406 0.051445 0.0373652 0.0195161 0.000999792
 68 1 2 0 0 100  24.1639 30.9134 19.515 10.8913 5.22594 3.45138 1.75097 1.0414 0.829726 0.642465 0.482719 0.247666 0.19798 0.220693 0.107383 0.115661 0.0762819 0.0611307 0.0425731 0.0214528 0.000999792
 69 1 2 0 0 100  41.0567 20.6943 15.4824 10.1795 4.43444 2.88109 1.50008 0.9155 0.746091 0.5909 0.454046 0.237287 0.192212 0.217162 0.106711 0.115339 0.075788 0.0598427 0.0403481 0.019268 0.000999792
 70 1 2 0 0 100  28.8963 34.5196 14.1548 9.27198 4.71616 2.98373 1.51686 0.923652 0.758633 0.609413 0.476764 0.253286 0.207871 0.238537 0.118912 0.130104 0.0864168 0.0686536 0.0460801 0.0212106 0.000999792
 71 1 2 0 0 100  33.9194 26.0244 18.561 9.12266 4.09827 2.85095 1.49853 0.913676 0.747824 0.599618 0.470267 0.251303 0.207672 0.240833 0.121535 0.134634 0.0907374 0.0731338 0.049744 0.0228389 0.000999791
 72 1 2 0 0 100  41.3382 25.6537 13.5849 8.90895 3.72527 2.2867 1.19511 0.745116 0.621663 0.50547 0.399868 0.214749 0.178032 0.207292 0.105237 0.11734 0.0798956 0.0652288 0.0451715 0.0211778 0.000999791
 73 1 2 0 0 100  29.33 35.3628 15.827 8.42673 3.99988 2.50352 1.24303 0.747821 0.613711 0.497259 0.39553 0.214133 0.178762 0.209853 0.107346 0.120478 0.0826386 0.0680432 0.047715 0.0228213 0.000999791
 74 1 2 0 0 100  24.1893 29.6631 22.497 11.0792 4.44295 2.85818 1.46216 0.882166 0.717185 0.57262 0.449037 0.240935 0.200361 0.235004 0.120414 0.135769 0.0937476 0.0778526 0.0552179 0.0268486 0.000999791
 75 1 2 0 0 100  41.1367 20.6112 15.3807 11.1217 4.50786 2.61023 1.28453 0.773513 0.63176 0.50634 0.397093 0.212475 0.176038 0.205364 0.104766 0.117721 0.0812006 0.0675727 0.0482978 0.0239496 0.000999791
 76 1 2 0 0 100  25.9151 35.7441 14.8512 9.84102 5.20262 3.19378 1.52957 0.890766 0.709991 0.559678 0.434919 0.231786 0.191714 0.223335 0.113699 0.127507 0.0876837 0.0727612 0.0519268 0.0258916 0.000999792
 77 1 2 0 0 100  37.8299 23.1906 17.7672 9.07444 4.09125 2.87909 1.4988 0.895355 0.715344 0.558635 0.427581 0.224812 0.184164 0.212457 0.107359 0.119773 0.0820291 0.0678598 0.0483091 0.0241165 0.000999792
 78 1 2 0 0 100  32.945 31.0547 14.5659 9.60976 4.22522 2.60234 1.36029 0.84509 0.699833 0.5623 0.437929 0.231685 0.189795 0.218047 0.1094 0.121084 0.0821436 0.0673476 0.0475411 0.0235961 0.000999792
 79 1 2 0 0 100  25.4456 31.6592 19.5459 10.1598 4.66275 3.01708 1.52032 0.916951 0.751362 0.60619 0.478871 0.257199 0.213165 0.24786 0.125377 0.13935 0.0945212 0.0771431 0.0539086 0.0263303 0.000999792
 80 1 2 0 0 100  32.8592 23.5855 18.581 11.5521 4.81216 3.00864 1.54085 0.937679 0.767638 0.61554 0.483133 0.258758 0.214563 0.250429 0.127478 0.142737 0.0976518 0.0802729 0.0562913 0.0272967 0.000999792
 81 1 2 0 0 100  42.7476 24.2031 12.3224 9.05101 4.31274 2.64787 1.31193 0.787232 0.641709 0.514511 0.404301 0.21673 0.179739 0.209718 0.106851 0.11975 0.0822038 0.067932 0.0480442 0.023525 0.000999792
 82 1 2 0 0 100  35.6919 33.088 13.4806 7.12254 3.67646 2.47144 1.26089 0.755527 0.610623 0.484724 0.377731 0.20152 0.166735 0.194232 0.0989435 0.110905 0.0762225 0.0631112 0.0448191 0.0221448 0.000999791
 83 1 2 0 0 100  28.2417 32.7903 19.5393 8.79022 3.54284 2.39124 1.27917 0.791386 0.651972 0.523033 0.408837 0.217779 0.179695 0.208516 0.105765 0.118198 0.081011 0.0669866 0.0475819 0.0235829 0.000999792
 84 1 2 0 0 100  30.9179 26.4661 19.6073 11.4978 4.31217 2.49063 1.254 0.772803 0.643962 0.525285 0.41745 0.224952 0.186873 0.218025 0.110877 0.123964 0.0848402 0.0699738 0.0495477 0.024521 0.000999792
 85 1 2 0 0 100  33.602 26.6158 16.0104 11.1507 4.99968 2.8801 1.35115 0.787711 0.633385 0.505918 0.399058 0.215329 0.179653 0.211093 0.108202 0.121776 0.083868 0.0694598 0.0492665 0.0243514 0.000999792
 86 1 2 0 0 100  33.6956 28.3147 15.528 9.61958 4.76753 3.05809 1.49385 0.866484 0.681991 0.529085 0.405199 0.214067 0.176364 0.205126 0.104587 0.117604 0.0812024 0.0676008 0.0482925 0.0240201 0.000999792
 87 1 2 0 0 100  35.9152 27.869 15.4913 8.88698 4.12783 2.75631 1.42823 0.860254 0.691826 0.541655 0.41359 0.216345 0.176281 0.201943 0.101404 0.112586 0.0768532 0.0635131 0.0452808 0.022669 0.000999792
 88 1 2 0 0 100  30.8524 31.1601 16.779 9.33416 4.15627 2.67788 1.39269 0.855206 0.703194 0.563177 0.438369 0.231958 0.189982 0.217998 0.109112 0.120355 0.0812581 0.0662705 0.0465386 0.0230441 0.000999792
 89 1 2 0 0 100  30.5254 28.4038 18.4085 10.3501 4.39162 2.76633 1.41172 0.860807 0.708503 0.571542 0.450201 0.241069 0.199338 0.231205 0.116739 0.129505 0.0876626 0.0713359 0.0496241 0.0241047 0.000999792
 90 1 2 0 0 100  28.6729 28.0077 18.2428 11.4462 5.03351 3.07016 1.53095 0.922316 0.753484 0.605143 0.47627 0.255552 0.212045 0.247435 0.12582 0.140637 0.0959837 0.0786723 0.0549504 0.0264769 0.000999792
 91 1 2 0 0 100  41.1776 23.1094 14.1256 9.49743 4.40589 2.78453 1.38648 0.825869 0.667121 0.530359 0.414171 0.221301 0.183287 0.213729 0.108872 0.122014 0.0837196 0.0691008 0.0487335 0.0237136 0.000999792
 92 1 2 0 0 100  26.6944 35.7021 15.6727 9.01396 4.56424 2.97397 1.51615 0.912912 0.739775 0.587029 0.455998 0.242225 0.199697 0.231744 0.117548 0.131449 0.0900888 0.0744444 0.0527286 0.0258663 0.000999792
 93 1 2 0 0 100  41.2983 22.5361 16.7567 8.64937 3.6016 2.45112 1.29474 0.7937 0.650739 0.520899 0.406867 0.216635 0.178633 0.206987 0.104774 0.116797 0.079796 0.0657572 0.0465382 0.0229789 0.000999791
 94 1 2 0 0 100  36.9967 31.194 13.3043 8.44012 3.69423 2.19591 1.11731 0.689705 0.573524 0.466034 0.368796 0.198135 0.164261 0.191209 0.0971198 0.108393 0.0740751 0.0609643 0.0430435 0.0212462 0.000999791
 95 1 2 0 0 100  36.7444 29.9751 16.0668 7.75905 3.40024 2.1775 1.08129 0.643765 0.522546 0.419289 0.331157 0.17865 0.148889 0.174549 0.0893402 0.100291 0.0689399 0.0569685 0.0403191 0.0199121 0.000999791
 96 1 2 0 0 100  26.9862 33.6876 18.9011 9.92194 3.91893 2.35441 1.18192 0.712117 0.578484 0.460506 0.359235 0.191789 0.15883 0.185358 0.0946966 0.106459 0.0734447 0.0610211 0.0434657 0.0215467 0.000999791
 97 1 2 0 0 100  26.9156 26.7744 21.3089 12.3194 4.95511 2.89393 1.38852 0.816842 0.656511 0.520333 0.40511 0.215797 0.178249 0.207195 0.105297 0.117891 0.0809909 0.06716 0.047892 0.0238549 0.000999792
 98 1 2 0 0 100  40.9693 21.8532 14.2329 10.7482 4.81817 2.84148 1.35086 0.782635 0.618563 0.481938 0.369666 0.194994 0.16011 0.185047 0.0936702 0.10449 0.0715469 0.0591246 0.0420422 0.0209994 0.000999791
 99 1 2 0 0 100  30.3363 33.9747 14.1183 8.77829 4.72949 3.06114 1.50534 0.877311 0.691318 0.534313 0.40522 0.211393 0.172045 0.196807 0.0986293 0.109155 0.0741348 0.0608397 0.0429705 0.0213328 0.000999791
 100 1 2 0 0 100  36.7161 25.8478 17.5038 8.54774 3.78312 2.66761 1.41821 0.861448 0.695332 0.545181 0.415889 0.216888 0.175987 0.200117 0.0995018 0.109207 0.0734131 0.0596046 0.0415981 0.0204123 0.000999791

25 #_N_age_bins
 1 2 3 4 5 6 7 8 9 10 11 12 13 14 15 16 17 18 19 20 21 22 23 24 25
1 #_N_ageerror_definitions
 -1 -1 -1 -1 -1 -1 -1 -1 -1 -1 -1 -1 -1 -1 -1 -1 -1 -1 -1 -1 -1 -1 -1 -1 -1 -1
 0.001 0.001 0.001 0.001 0.001 0.001 0.001 0.001 0.001 0.001 0.001 0.001 0.001 0.001 0.001 0.001 0.001 0.001 0.001 0.001 0.001 0.001 0.001 0.001 0.001 0.001
150 #_N_Agecomp_obs
1 #_Lbin_method: 1=poplenbins; 2=datalenbins; 3=lengths
-1 #_combine males into females at or below this bin number
#Yr Seas Flt/Svy Gender Part Ageerr Lbin_lo Lbin_hi Nsamp datavector(female-male)
 26 1 1 0 0 1 -1 -1 100  2.76375 4.01883 11.4365 23.6609 6.49616 9.42293 8.75756 7.0344 6.78665 3.05196 3.02961 2.40659 2.92577 1.06456 0.874284 1.35762 0.815877 1.01167 0.679886 0.665233 0.194414 0.184895 0.145454 0.204494 1.01
 27 1 1 0 0 1 -1 -1 100  2.72728 26.2701 4.93523 8.11202 16.7666 4.60346 6.67736 6.20588 4.98485 4.80929 2.1629 2.14706 1.70559 2.07348 0.754637 0.619807 0.962297 0.578421 0.717163 0.482059 0.471677 0.138053 0.131309 0.103361 0.860192
 28 1 1 0 0 1 -1 -1 100  2.08648 23.4232 29.0993 3.15771 5.18512 10.7165 2.94261 4.26812 3.96678 3.18637 3.07416 1.38275 1.37263 1.09047 1.3256 0.482678 0.396503 0.615402 0.370053 0.458729 0.308465 0.301829 0.0885967 0.084286 0.615579
 29 1 1 0 0 1 -1 -1 100  1.39974 19.3448 27.9474 20.053 2.17425 3.56998 7.37805 2.02614 2.93868 2.73122 2.19395 2.1167 0.95226 0.945291 0.751039 0.912915 0.332609 0.273283 0.423983 0.255073 0.316123 0.212674 0.208106 0.061306 0.481453
 30 1 1 0 0 1 -1 -1 100  4.6388 13.2636 24.3975 20.3575 14.5932 1.58249 2.59818 5.36934 1.47471 2.13877 1.9878 1.59683 1.54061 0.69324 0.688169 0.54681 0.664609 0.242315 0.199143 0.30881 0.185892 0.230319 0.155038 0.151715 0.394524
 31 1 1 0 0 1 -1 -1 100  1.26049 36.9126 13.5198 14.3634 11.9736 8.58321 0.931134 1.5285 3.15832 0.867743 1.2583 1.16951 0.939565 0.906503 0.408131 0.405149 0.322011 0.391294 0.142927 0.117536 0.182035 0.109743 0.135872 0.0915965 0.321093
 32 1 1 0 0 1 -1 -1 100  1.98252 11.5244 43.9768 9.30306 9.8741 8.23119 5.90058 0.640393 1.05103 2.17141 0.596816 0.865295 0.804257 0.646188 0.623461 0.28087 0.27882 0.22167 0.269296 0.0985635 0.0811092 0.125448 0.0757524 0.0937147 0.283322
 33 1 1 0 0 1 -1 -1 100  1.81505 19.6363 14.7287 32.4619 6.86079 7.28182 6.07027 4.35159 0.472514 0.775336 1.60154 0.440378 0.638365 0.593353 0.476787 0.460027 0.207387 0.205876 0.163731 0.198853 0.0729475 0.060076 0.0927736 0.0561259 0.277573
 34 1 1 0 0 1 -1 -1 100  1.99293 17.4077 24.3593 10.5531 23.2363 4.91114 5.21251 4.34529 3.11509 0.338502 0.555258 1.14664 0.3155 0.457216 0.424997 0.341561 0.329565 0.148729 0.147648 0.117481 0.142621 0.0524993 0.043286 0.0666908 0.238431
 35 1 1 0 0 1 -1 -1 100  5.12376 18.1238 20.8984 16.8905 7.31055 16.0962 3.40227 3.61103 3.01031 2.15814 0.234789 0.384936 0.794591 0.218855 0.317022 0.294705 0.236908 0.228599 0.103333 0.102584 0.0816871 0.099102 0.036674 0.0302919 0.210978
 36 1 1 0 0 1 -1 -1 100  2.05926 38.1909 17.3455 11.552 9.32771 4.03744 8.889 1.87923 1.99451 1.66278 1.1922 0.130102 0.213015 0.439232 0.121303 0.175512 0.163188 0.131272 0.126683 0.0575098 0.0570961 0.0455568 0.0551737 0.0206998 0.133131
 37 1 1 0 0 1 -1 -1 100  2.61242 17.435 42.0107 11.0203 7.33261 5.92074 2.56296 5.64228 1.19313 1.2663 1.05575 0.757065 0.0829416 0.135567 0.279149 0.0773569 0.111764 0.103942 0.0836847 0.0807724 0.0368673 0.0366048 0.0292807 0.0353847 0.0973705
 38 1 1 0 0 1 -1 -1 100  2.48327 23.5223 20.2855 28.2309 7.39875 4.92297 3.97513 1.72093 3.78819 0.801317 0.850437 0.709087 0.508572 0.0560101 0.0913396 0.187731 0.052261 0.0753598 0.0701086 0.0565092 0.0545542 0.025079 0.0249029 0.0199859 0.0887824
 39 1 1 0 0 1 -1 -1 100  3.10533 21.7192 26.6976 13.2979 18.4886 4.84568 3.22433 2.6036 1.12736 2.48117 0.525116 0.557284 0.464716 0.333401 0.0370252 0.060162 0.123287 0.03457 0.0496972 0.0462583 0.0373523 0.036072 0.0167691 0.0166537 0.0709227
 40 1 1 0 0 1 -1 -1 100  6.31854 24.9296 22.9313 16.2802 8.10153 11.2636 2.95237 1.96464 1.5865 0.687175 1.51191 0.32029 0.339886 0.283494 0.203498 0.0229464 0.0370413 0.0754972 0.0214507 0.0306662 0.0285713 0.0231458 0.0223659 0.0106065 0.0531341
 41 1 1 0 0 1 -1 -1 100  3.9467 41.4048 21.0813 11.2 7.94408 3.95343 5.49626 1.44104 0.959104 0.774598 0.3358 0.738207 0.156788 0.16635 0.138835 0.099803 0.011708 0.0185852 0.0373488 0.0109783 0.0154747 0.0144526 0.0118054 0.0114249 0.0311252
 42 1 1 0 0 1 -1 -1 100  2.3475 28.8771 39.0308 11.4779 6.09235 4.32134 2.15077 2.98994 0.784253 0.522124 0.421768 0.183101 0.401975 0.0857348 0.0909354 0.0759698 0.05474 0.00682409 0.0105647 0.0207705 0.00642721 0.00887292 0.00831697 0.00687712 0.0230561
 43 1 1 0 0 1 -1 -1 100  2.05138 20.5221 32.5981 25.4476 7.47653 3.96859 2.81504 1.40125 1.94783 0.511169 0.340432 0.275066 0.119611 0.262174 0.0561916 0.0595791 0.0498313 0.0360033 0.00479343 0.00722988 0.0138774 0.00453493 0.00612796 0.00576585 0.0191947
 44 1 1 0 0 1 -1 -1 100  3.56733 18.7201 24.4528 22.4336 17.496 5.14053 2.72877 1.93569 0.963687 1.33947 0.351748 0.234364 0.189424 0.0825463 0.18056 0.0389449 0.0412738 0.0345721 0.0250652 0.00360796 0.00528307 0.00985337 0.00343025 0.0045255 0.0167861
 45 1 1 0 0 1 -1 -1 100  1.88536 29.8109 20.1106 15.1723 13.9061 10.8454 3.18677 1.69182 1.20023 0.597727 0.83066 0.218413 0.145652 0.117795 0.0515468 0.112301 0.0245203 0.0259639 0.0218098 0.0159169 0.00261647 0.00365481 0.00648777 0.00250633 0.0129707
 46 1 1 0 0 1 -1 -1 100  2.44417 16.9153 34.7198 13.528 10.1964 9.34542 7.28858 2.14187 1.13725 0.806895 0.402007 0.558541 0.147104 0.0982074 0.0794877 0.034968 0.0757957 0.0168058 0.017776 0.0149844 0.0110243 0.00208621 0.002784 0.0046878 0.010057
 47 1 1 0 0 1 -1 -1 100  5.00198 21.5576 19.5725 23.2031 9.03224 6.80784 6.2397 4.86647 1.43033 0.759606 0.539047 0.268728 0.373236 0.0985444 0.0658993 0.0534014 0.0236783 0.0509365 0.0115525 0.0122003 0.0103365 0.00769259 0.00172512 0.00219099 0.0095092
 48 1 1 0 0 1 -1 -1 100  3.75111 36.2974 20.2086 10.5972 12.5509 4.88588 3.68273 3.37543 2.63267 0.774106 0.41132 0.292022 0.14581 0.202337 0.0537603 0.0361031 0.0293431 0.0132663 0.02801 0.00670764 0.007058 0.00604992 0.00461985 0.0013921 0.00624685
 49 1 1 0 0 1 -1 -1 100  1.44566 28.7681 35.7224 11.4871 6.01817 7.12749 2.7749 2.09169 1.91719 1.4954 0.440011 0.234002 0.166258 0.0832309 0.11533 0.0309601 0.0209333 0.0170947 0.00796537 0.0163377 0.00424101 0.00443997 0.00386753 0.00305546 0.00420221
 50 1 1 0 0 1 -1 -1 100  5.57461 12.7203 34.0357 24.4097 7.84203 4.10862 4.86589 1.8946 1.4282 1.30908 1.02115 0.30069 0.160058 0.113813 0.0571347 0.079047 0.0214521 0.0146074 0.0119869 0.00575484 0.0114702 0.00321241 0.00334823 0.00295746 0.0045893
 51 1 1 0 0 1 -1 -1 100  2.28145 41.0612 12.0332 18.5959 13.324 4.28083 2.24304 2.65637 1.03457 0.780002 0.714982 0.557823 0.164578 0.0878175 0.0625758 0.0316396 0.0435999 0.0121632 0.00842715 0.00699685 0.0035952 0.00671482 0.00220748 0.00228162 0.00402764
 52 1 1 0 0 1 -1 -1 100  1.84414 18.9706 44.0776 7.46072 11.5185 8.25305 2.65185 1.38968 1.64569 0.641176 0.483499 0.443227 0.345886 0.102317 0.0547731 0.0391389 0.0199775 0.0273855 0.00791419 0.00560017 0.00471427 0.00260734 0.00453959 0.00174781 0.00366919
 53 1 1 0 0 1 -1 -1 100  2.44359 17.5719 23.4559 31.4767 5.32298 8.21785 5.8882 1.89218 0.991713 1.17436 0.457715 0.345225 0.316494 0.247049 0.0732816 0.0393628 0.028209 0.0145389 0.019824 0.00593268 0.00428181 0.00364979 0.00214665 0.00352518 0.00343792
 54 1 1 0 0 1 -1 -1 100  2.55433 22.2758 20.7224 15.9763 21.4188 3.62235 5.59216 4.00694 1.28785 0.675131 0.799412 0.311772 0.235228 0.215678 0.168424 0.050184 0.0271039 0.0195143 0.0102125 0.0138088 0.00435638 0.00323304 0.00280298 0.00178017 0.00437729
 55 1 1 0 0 1 -1 -1 100  2.92262 22.4116 25.3286 13.6089 10.4821 14.0527 2.37687 3.66921 2.6292 0.845269 0.443279 0.524817 0.204889 0.154671 0.141844 0.110842 0.0332682 0.018126 0.0131467 0.00704402 0.00940345 0.00320196 0.00246497 0.00218282 0.00372774
 56 1 1 0 0 1 -1 -1 100  4.41317 24.3644 24.3641 15.9035 8.53689 6.57545 8.81515 1.4913 2.30194 1.64958 0.530581 0.278426 0.329572 0.128892 0.0973922 0.0893467 0.0699003 0.0212407 0.0117425 0.00861916 0.00479113 0.00627114 0.00238113 0.00191884 0.00345307
 57 1 1 0 0 1 -1 -1 100  2.25816 33.6062 23.8633 13.7826 8.98807 4.82488 3.71641 4.98213 0.843213 1.30133 0.932658 0.300281 0.157781 0.186685 0.0732755 0.0554739 0.0509272 0.0399375 0.0124385 0.00707082 0.00530572 0.00314239 0.00397879 0.00178042 0.00290563
 58 1 1 0 0 1 -1 -1 100  1.21422 19.6773 37.6392 15.4368 8.90734 5.80882 3.11839 2.40205 3.22001 0.545273 0.841325 0.603075 0.194407 0.102318 0.120997 0.0477073 0.0362032 0.033265 0.026163 0.00839198 0.00492314 0.00378246 0.00238442 0.00292495 0.00273595
 59 1 1 0 0 1 -1 -1 100  3.54131 11.8842 25.4668 28.1352 11.528 6.65196 4.33808 2.32896 1.79402 2.40485 0.407444 0.628526 0.450608 0.14543 0.076661 0.0906097 0.0358794 0.0272885 0.0250944 0.0197908 0.00652004 0.00392962 0.0030778 0.00203379 0.003734
 60 1 1 0 0 1 -1 -1 100  4.76024 29.4943 12.871 15.9302 17.5825 7.20433 4.15724 2.71128 1.45576 1.12147 1.50318 0.25499 0.393145 0.281964 0.0912552 0.0482811 0.0569978 0.0227963 0.0174278 0.0160567 0.0127425 0.00444945 0.00283067 0.00229836 0.00335463
 61 1 1 0 0 1 -1 -1 100  7.92919 32.1691 26.1945 6.60248 8.16382 9.01042 3.69227 2.13082 1.38985 0.746476 0.575174 0.770776 0.131154 0.20195 0.144976 0.0472501 0.0252285 0.0296953 0.0121692 0.00941818 0.00871557 0.00701724 0.00276752 0.00193799 0.00287198
 62 1 1 0 0 1 -1 -1 100  1.98215 47.1369 24.5169 11.5304 2.90395 3.5905 3.96279 1.62419 0.937561 0.61173 0.328814 0.253486 0.339499 0.0582334 0.0893652 0.0643117 0.0213378 0.0116541 0.0136183 0.00591139 0.00470167 0.00439271 0.00364589 0.00177712 0.00223564
 63 1 1 0 0 1 -1 -1 100  4.10336 15.7665 49.363 14.8289 6.96767 1.7551 2.16994 2.39489 0.981804 0.566912 0.37003 0.199079 0.153563 0.205536 0.0355829 0.0543941 0.0392557 0.0132889 0.00743759 0.00862449 0.0039676 0.00323663 0.00304995 0.00259868 0.00221628
 64 1 1 0 0 1 -1 -1 100  2.25067 33.1973 16.4058 29.6661 8.90364 4.18372 1.05414 1.30321 1.43827 0.589865 0.340768 0.222562 0.119925 0.0925971 0.123801 0.0217631 0.0330572 0.0239683 0.00837807 0.00486498 0.00557759 0.00278163 0.00234276 0.00223068 0.00269015
 65 1 1 0 0 1 -1 -1 100  3.28475 19.046 36.5941 10.4451 18.8693 5.66341 2.66136 0.670836 0.829252 0.915154 0.375539 0.217104 0.141921 0.0766403 0.059259 0.079106 0.014206 0.0213895 0.0156086 0.00569265 0.00345819 0.00391144 0.0021331 0.00185396 0.00285786
 66 1 1 0 0 1 -1 -1 100  3.53604 27.3995 20.589 22.8478 6.51552 11.77 3.53288 1.66038 0.418805 0.517616 0.571196 0.234616 0.135793 0.0888983 0.0481799 0.0373385 0.0497179 0.00923707 0.0137177 0.0101119 0.00392692 0.00253319 0.00281591 0.00170668 0.00269157
 67 1 1 0 0 1 -1 -1 100  1.33727 28.6785 28.5055 12.3716 13.7157 3.91158 7.06575 2.12114 0.997102 0.251802 0.311117 0.34328 0.141236 0.0819142 0.053764 0.0293213 0.0228134 0.0302446 0.00594451 0.0086342 0.0064697 0.0027569 0.00192026 0.00208998 0.00243971
 68 1 1 0 0 1 -1 -1 100  4.87449 12.0116 34.5045 19.8084 8.58898 9.52199 2.71578 4.90546 1.47283 0.692509 0.175111 0.216288 0.238616 0.0983537 0.0571718 0.0376295 0.020661 0.0161431 0.021302 0.00443249 0.00629973 0.0047971 0.0022196 0.00163879 0.00275628
 69 1 1 0 0 1 -1 -1 100  2.66316 37.6748 11.9447 19.8177 11.3663 4.92863 5.46397 1.55869 2.81509 0.845511 0.397775 0.100901 0.124528 0.137339 0.0568596 0.0332302 0.0220172 0.012281 0.00968876 0.0126489 0.0029694 0.0040408 0.00317862 0.00169969 0.00237431
 70 1 1 0 0 1 -1 -1 100  2.78979 21.5616 39.5214 7.23723 11.9957 6.88013 2.98358 3.30761 0.943834 1.7043 0.512162 0.241158 0.0614677 0.0757683 0.0835228 0.0348104 0.0205081 0.0137211 0.00782806 0.00625902 0.00805072 0.00219194 0.00284044 0.00231858 0.00225542
 71 1 1 0 0 1 -1 -1 100  5.07061 23.3675 23.6512 25.0382 4.58096 7.59261 4.3549 1.88871 2.0938 0.597732 1.07904 0.324521 0.152999 0.0392707 0.0483217 0.0532297 0.022399 0.0133469 0.00905131 0.0053215 0.00432843 0.00546244 0.00175431 0.00216476 0.00262922
 72 1 1 0 0 1 -1 -1 100  3.16437 36.6176 21.7548 12.7175 13.4505 2.46123 4.07901 2.33979 1.01503 1.12519 0.321548 0.580094 0.174786 0.0826496 0.0215579 0.0264198 0.0290563 0.0124949 0.0076323 0.00532485 0.00332129 0.00278784 0.003397 0.00140508 0.0025009
 73 1 1 0 0 1 -1 -1 100  1.2736 25.3473 37.6413 12.9162 7.54358 7.97823 1.46023 2.41977 1.3882 0.602446 0.667788 0.191125 0.344475 0.104077 0.0494284 0.0131933 0.0160771 0.0176408 0.00781781 0.0049337 0.00356509 0.00237672 0.00206032 0.00242164 0.00213056
 74 1 1 0 0 1 -1 -1 100  5.13196 11.6374 31.1562 26.7225 9.16099 5.35044 5.6587 1.03593 1.71647 0.984845 0.427564 0.473906 0.135842 0.244603 0.0741053 0.0353468 0.0096478 0.0116931 0.0128022 0.00583535 0.00378985 0.00281918 0.00197635 0.00175195 0.00281023
 75 1 1 0 0 1 -1 -1 100  1.87733 39.3727 11.4546 17.7121 15.1771 5.20324 3.03911 3.21418 0.588767 0.975265 0.559755 0.243258 0.269577 0.0775809 0.139349 0.0425186 0.0205065 0.00591124 0.00707282 0.00770271 0.00374605 0.00258434 0.00203307 0.0015544 0.0024552
 76 1 1 0 0 1 -1 -1 100  3.91128 15.6695 43.2059 7.26011 11.2153 9.61008 3.2949 1.92464 2.03549 0.373156 0.617875 0.354786 0.15439 0.171055 0.0494886 0.0885985 0.0272882 0.0133509 0.00410957 0.00484505 0.00524389 0.00273863 0.00200307 0.00165402 0.00227251
 77 1 1 0 0 1 -1 -1 100  3.58129 31.5748 16.3611 26.0554 4.37437 6.75716 5.79009 1.98545 1.15992 1.2267 0.225209 0.372643 0.214142 0.0934115 0.103451 0.0302124 0.0537746 0.0168376 0.00844082 0.0028733 0.0033164 0.00355669 0.00204737 0.00160422 0.00216074
 78 1 1 0 0 1 -1 -1 100  2.07419 28.1378 31.9321 9.55672 15.2045 2.55297 3.94337 3.37907 1.15897 0.677255 0.716223 0.131831 0.217862 0.125373 0.0549241 0.0607825 0.018046 0.0317951 0.0102415 0.00534181 0.00209301 0.00235158 0.0024918 0.00161107 0.00202995
 79 1 1 0 0 1 -1 -1 100  2.55422 18.4578 32.4796 21.2887 6.36547 10.127 1.70069 2.62674 2.2509 0.772244 0.451406 0.47736 0.0881375 0.145437 0.0838363 0.0369151 0.040817 0.0123531 0.0215105 0.00715507 0.00389171 0.0017279 0.00190012 0.00199351 0.00209308
 80 1 1 0 0 1 -1 -1 100  5.10047 22.1241 20.9696 21.312 13.9556 4.17303 6.63881 1.11518 1.72222 1.47585 0.506565 0.296249 0.313263 0.0581201 0.0956807 0.0553006 0.0245429 0.0271007 0.0084421 0.014445 0.0050347 0.0028955 0.00147707 0.00158997 0.0023679
 81 1 1 0 0 1 -1 -1 100  4.13076 36.5039 20.478 11.2104 11.3825 7.45365 2.22913 3.546 0.596041 0.920241 0.788662 0.271003 0.158681 0.167768 0.0315056 0.0515653 0.0299998 0.0135733 0.0149393 0.00497445 0.00818037 0.00315468 0.00201221 0.00125467 0.00204566
 82 1 1 0 0 1 -1 -1 100  2.50291 30.3944 34.608 11.2133 6.1329 6.22699 4.0778 1.21984 1.94021 0.326503 0.503849 0.431871 0.148698 0.0872557 0.092226 0.0176872 0.0286604 0.0168636 0.00787783 0.00862509 0.00317402 0.00492776 0.00217856 0.0015536 0.00171135
 83 1 1 0 0 1 -1 -1 100  2.72037 21.2442 33.4263 21.9823 7.1159 3.89203 3.95173 2.58795 0.774423 1.23153 0.207549 0.320084 0.274411 0.0947224 0.0557338 0.0588878 0.0115889 0.018552 0.0110662 0.00536428 0.00583847 0.00237945 0.00349231 0.00174778 0.00180276
 84 1 1 0 0 1 -1 -1 100  3.28027 23.5509 23.8621 21.6849 14.2472 4.61217 2.52277 2.56147 1.6776 0.502254 0.798507 0.134864 0.207798 0.178197 0.0617413 0.0364728 0.038517 0.00786256 0.0123754 0.00752385 0.00382841 0.00413574 0.00189394 0.00261519 0.002005
 85 1 1 0 0 1 -1 -1 100  3.14423 26.9428 25.0269 14.6457 13.2968 8.73616 2.82837 1.54724 1.57097 1.02902 0.308347 0.489996 0.0830794 0.127799 0.109649 0.0382438 0.0227503 0.0240037 0.00520773 0.00797481 0.00500007 0.00273417 0.00292262 0.00154804 0.00260667
 86 1 1 0 0 1 -1 -1 100  3.86939 25.421 28.3061 15.1862 8.87861 8.06079 5.29618 1.71493 0.938317 0.9527 0.624175 0.187311 0.297425 0.0507557 0.0778645 0.0668622 0.0235768 0.0141848 0.0149446 0.0035506 0.00522799 0.00342472 0.00205115 0.00216539 0.00230624
 87 1 1 0 0 1 -1 -1 100  2.87857 30.2626 25.6568 16.5003 8.8441 5.17084 4.69458 3.08462 0.999096 0.546842 0.555217 0.363903 0.109497 0.173621 0.0299749 0.0457616 0.0393545 0.0141474 0.008678 0.00912049 0.00248524 0.00346206 0.00241193 0.00161204 0.00243941
 88 1 1 0 0 1 -1 -1 100  3.04554 23.647 32.2164 15.7753 10.1358 5.43286 3.17656 2.88402 1.89511 0.614078 0.336282 0.341426 0.223912 0.0676439 0.107032 0.0187976 0.0284946 0.0245591 0.00907568 0.00571611 0.00598792 0.00191221 0.00251223 0.00186719 0.00226018
 89 1 1 0 0 1 -1 -1 100  1.88689 25.9048 25.8831 20.3666 9.96347 6.40169 3.43154 2.00655 1.8218 1.19724 0.388194 0.21275 0.215999 0.141782 0.0430894 0.0679654 0.0122402 0.0183644 0.0158789 0.00610019 0.00397842 0.00415009 0.00157603 0.00195498 0.00234365
 90 1 1 0 0 1 -1 -1 100  5.28801 16.4703 29.9876 17.3053 13.6041 6.6553 4.27626 2.29238 1.34058 1.21718 0.800012 0.259621 0.142435 0.144605 0.095033 0.029113 0.0457286 0.00850764 0.0125982 0.0109381 0.00440654 0.00298933 0.00310399 0.00138467 0.00253545
 91 1 1 0 0 1 -1 -1 100  1.8148 39.3498 15.7204 16.5313 9.531 7.49255 3.66568 2.35549 1.26292 0.73874 0.670777 0.441034 0.143428 0.0788916 0.0800867 0.0527861 0.0164824 0.025633 0.00513454 0.00738734 0.00647306 0.00287596 0.00209547 0.00215862 0.00205751
 92 1 1 0 0 1 -1 -1 100  4.61972 15.0264 43.1287 9.95172 10.455 6.02785 4.73871 2.31857 1.48999 0.799046 0.467552 0.424571 0.279281 0.0910726 0.0502591 0.0510149 0.0337499 0.0107911 0.016578 0.00361463 0.00503933 0.00446114 0.00218629 0.0016927 0.00240159
 93 1 1 0 0 1 -1 -1 100  3.87421 35.358 14.866 24.6437 5.6813 5.96854 3.44135 2.70546 1.32396 0.850972 0.456553 0.267324 0.24279 0.159852 0.0524166 0.0291188 0.0295503 0.0196947 0.00658902 0.00989244 0.00249243 0.00330571 0.00297565 0.00167708 0.00219555
 94 1 1 0 0 1 -1 -1 100  4.21032 28.4981 33.7782 8.20275 13.5845 3.13206 3.29039 1.89736 1.49173 0.730231 0.469516 0.252107 0.147801 0.134277 0.0885614 0.0293414 0.0164993 0.0167372 0.0113047 0.00408064 0.00590155 0.00182254 0.00227084 0.00208891 0.00203227
 95 1 1 0 0 1 -1 -1 100  2.57662 31.8277 27.7544 19.0001 4.60993 7.63411 1.76046 1.84943 1.06664 0.8387 0.410782 0.264277 0.142106 0.0834931 0.0758935 0.050204 0.016926 0.00970958 0.00984324 0.00679052 0.00273103 0.00375428 0.00146211 0.00171403 0.00219202
 96 1 1 0 0 1 -1 -1 100  1.69292 21.9292 34.8778 17.5662 12.0141 2.91518 4.82735 1.11349 1.16975 0.674794 0.530669 0.260101 0.167467 0.09022 0.0531595 0.0483544 0.0321112 0.0110698 0.00650691 0.00659143 0.00466121 0.00209443 0.00274143 0.0012921 0.00220527
 97 1 1 0 0 1 -1 -1 100  4.88703 15.4173 26.4702 24.3156 12.235 8.3679 2.03068 3.36246 0.77583 0.81501 0.470285 0.369905 0.181459 0.116941 0.06314 0.0373281 0.0339814 0.0226683 0.00801337 0.0048354 0.00489427 0.00354991 0.00176218 0.00221281 0.00204301
 98 1 1 0 0 1 -1 -1 100  2.81215 37.121 15.0763 14.9502 13.7202 6.90383 4.72188 1.14621 1.89765 0.438184 0.460291 0.265785 0.209148 0.102821 0.0664176 0.0360613 0.0214974 0.0196091 0.0132259 0.00495708 0.00316396 0.00319718 0.00243865 0.00142994 0.00227286
 99 1 1 0 0 1 -1 -1 100  3.16246 22.4562 38.4578 9.02138 8.93737 8.20201 4.12733 2.82302 0.685577 1.13477 0.262337 0.275552 0.159282 0.125425 0.0618657 0.0401049 0.0219587 0.0132527 0.012124 0.00830825 0.00336535 0.00229347 0.00231333 0.00185989 0.00201796
 100 1 1 0 0 1 -1 -1 100  5.74739 25.396 23.642 23.3847 5.48061 5.42952 4.98282 2.5076 1.71527 0.416855 0.689721 0.159753 0.16778 0.0971502 0.0765837 0.0379736 0.0247547 0.0137315 0.008443 0.00775733 0.00543942 0.00243678 0.00178564 0.00179771 0.0021408
 26 1 2 0 0 1 -1 -1 100  6.6812 5.28076 10.8074 22.3442 6.13466 8.89855 8.2702 6.64295 6.40899 2.88215 2.86105 2.2727 2.76299 1.00537 0.82568 1.28211 0.770523 0.955422 0.642101 0.628264 0.183649 0.17466 0.137414 0.193168 0.953844
 27 1 2 0 0 1 -1 -1 100  6.08702 31.9158 4.31192 7.08264 14.6387 4.01933 5.83002 5.41838 4.35232 4.19904 1.88852 1.87469 1.48925 1.81045 0.658988 0.54127 0.840292 0.505136 0.626269 0.421004 0.411939 0.120659 0.11477 0.0903696 0.751145
 28 1 2 0 0 1 -1 -1 100  4.73493 28.9903 25.8998 2.80873 4.61197 9.53182 2.61739 3.79635 3.52832 2.8342 2.7344 1.22999 1.22098 0.970018 1.17915 0.429424 0.352776 0.547474 0.32925 0.408122 0.274471 0.26857 0.0789119 0.0750778 0.547631
 29 1 2 0 0 1 -1 -1 100  3.33678 24.5023 25.4562 18.2532 1.97918 3.24963 6.71588 1.84436 2.67499 2.48615 1.99711 1.9268 0.866874 0.860531 0.683715 0.831061 0.302844 0.248842 0.386016 0.232267 0.287837 0.193674 0.189516 0.0558929 0.438326
 30 1 2 0 0 1 -1 -1 100  10.4968 16.4249 21.7268 18.117 12.987 1.40841 2.31231 4.77844 1.3125 1.90347 1.76911 1.42117 1.37115 0.617043 0.61253 0.486731 0.591564 0.215753 0.177333 0.274928 0.165541 0.205077 0.138083 0.135125 0.351207
 31 1 2 0 0 1 -1 -1 100  2.78833 44.1082 11.6178 12.3344 10.2821 7.37076 0.79973 1.3127 2.71227 0.745294 1.08068 1.00443 0.806969 0.778578 0.350614 0.348053 0.27666 0.336155 0.122876 0.101072 0.156459 0.0943799 0.116818 0.0787973 0.275872
 32 1 2 0 0 1 -1 -1 100  4.70963 14.8994 40.887 8.64369 9.1742 7.64775 5.48236 0.595066 0.976597 2.01755 0.554579 0.804025 0.747314 0.60045 0.579334 0.26103 0.259125 0.206026 0.250277 0.0916471 0.0754301 0.116626 0.0704531 0.087142 0.263308
 33 1 2 0 0 1 -1 -1 100  4.20637 24.7199 13.334 29.3683 6.20699 6.5879 5.49182 3.93694 0.427574 0.701535 1.449 0.398501 0.577618 0.536897 0.43144 0.416278 0.187717 0.186349 0.148221 0.179996 0.0660902 0.0544455 0.0840266 0.0508718 0.251213
 34 1 2 0 0 1 -1 -1 100  4.71522 22.0151 22.154 9.59129 21.1183 4.46357 4.73747 3.9493 2.83123 0.307738 0.504736 1.04222 0.286833 0.415631 0.386349 0.310518 0.299615 0.135263 0.13428 0.106863 0.129712 0.0478049 0.0394315 0.0607028 0.216788
 35 1 2 0 0 1 -1 -1 100  11.3468 21.9218 18.1781 14.682 6.35473 13.9915 2.95751 3.13897 2.6168 1.87606 0.204218 0.334732 0.690818 0.190368 0.275698 0.256299 0.20606 0.198837 0.0899513 0.0893001 0.071136 0.0862737 0.032009 0.0264616 0.18352
 36 1 2 0 0 1 -1 -1 100  4.47904 44.9592 14.6843 9.7732 7.89137 3.41582 7.52022 1.58998 1.68751 1.40686 1.00875 0.110219 0.180364 0.371743 0.102776 0.148636 0.13821 0.11121 0.107328 0.048807 0.0484571 0.0386948 0.0468307 0.0176659 0.112782
 37 1 2 0 0 1 -1 -1 100  6.02911 21.87 37.8961 9.9344 6.61005 5.33732 2.31047 5.08631 1.07564 1.1416 0.951797 0.682551 0.0748658 0.122305 0.251736 0.0698315 0.100848 0.0937965 0.0755357 0.0729104 0.0333323 0.0330957 0.0264934 0.0319959 0.0878726
 38 1 2 0 0 1 -1 -1 100  5.63913 28.9349 17.9446 24.9564 6.54061 4.35202 3.51413 1.52142 3.34887 0.70848 0.751902 0.626949 0.449693 0.0496289 0.0808601 0.16607 0.0463146 0.0667339 0.0620919 0.0500701 0.0483418 0.0222858 0.0221301 0.0177835 0.0785995
 39 1 2 0 0 1 -1 -1 100  7.10445 26.6322 23.542 11.7183 16.2922 4.27014 2.8414 2.29441 0.993548 2.18653 0.462851 0.491197 0.409626 0.293912 0.0327454 0.0531335 0.10876 0.0305819 0.0439119 0.0408816 0.0330336 0.0319054 0.0148956 0.014794 0.0626157
 40 1 2 0 0 1 -1 -1 100  13.512 28.9988 19.1823 13.6095 6.77255 9.41584 2.46817 1.64249 1.32638 0.574601 1.26403 0.267907 0.284288 0.237148 0.170276 0.0193458 0.0311282 0.063275 0.0180955 0.0257991 0.0240479 0.0195125 0.0188605 0.00903037 0.0445808
 41 1 2 0 0 1 -1 -1 100  8.23918 47.0849 17.2399 9.15316 6.49227 3.23101 4.49185 1.17783 0.783984 0.633202 0.274606 0.603462 0.128313 0.136127 0.113642 0.0817439 0.00975075 0.015371 0.030705 0.00915441 0.012829 0.0119937 0.00983034 0.00951937 0.0256189
 42 1 2 0 0 1 -1 -1 100  5.22313 34.9434 33.9645 9.98144 5.29807 3.75799 1.87045 2.60019 0.682121 0.454172 0.366902 0.159356 0.34969 0.0746857 0.0792082 0.0661941 0.0477325 0.00606462 0.00931748 0.0181925 0.00571949 0.00784628 0.00736283 0.00611073 0.0201801
 43 1 2 0 0 1 -1 -1 100  4.75713 25.6569 29.3076 22.8636 6.71738 3.56567 2.52927 1.25905 1.75013 0.459361 0.305962 0.247234 0.107566 0.235651 0.0505868 0.0536302 0.0448724 0.0324486 0.00440817 0.00659719 0.0125697 0.00417592 0.00560717 0.00528184 0.0173469
 44 1 2 0 0 1 -1 -1 100  8.05854 23.0774 21.6778 19.8745 15.5001 4.55418 2.41757 1.71497 0.853858 1.18677 0.311732 0.20774 0.167927 0.0732429 0.160075 0.0346158 0.0366791 0.030742 0.0223197 0.0033104 0.00479439 0.00884328 0.00315296 0.00412325 0.0149851
 45 1 2 0 0 1 -1 -1 100  4.22488 36.1827 17.5533 13.2341 12.1297 9.45996 2.77976 1.47581 1.04702 0.521491 0.724665 0.190637 0.127171 0.102874 0.045089 0.0980816 0.0215153 0.0227745 0.0191512 0.0140111 0.00240992 0.0033156 0.00578662 0.00231385 0.0114413
 46 1 2 0 0 1 -1 -1 100  5.72905 21.2941 31.4315 12.2386 9.22449 8.45465 6.59388 1.93779 1.02894 0.730072 0.363781 0.505392 0.133176 0.0889409 0.0720057 0.0317299 0.0686656 0.0152991 0.0161768 0.0136513 0.0100687 0.00198264 0.00261391 0.00433623 0.00919361
 47 1 2 0 0 1 -1 -1 100  11.0149 25.802 16.8464 19.958 7.76905 5.85577 5.3671 4.18594 1.23041 0.653501 0.46379 0.231281 0.321171 0.0849008 0.0568219 0.046072 0.0205062 0.0439519 0.0100765 0.0106336 0.00903058 0.00675646 0.00162366 0.00202437 0.00831898
 48 1 2 0 0 1 -1 -1 100  7.95748 42.08 16.8479 8.82904 10.4566 4.07072 3.06835 2.81233 2.19351 0.645095 0.342848 0.243458 0.121645 0.168739 0.0449559 0.0302452 0.0246133 0.0112193 0.0235026 0.00575513 0.00604703 0.00520717 0.00401575 0.00132663 0.00537123
 49 1 2 0 0 1 -1 -1 100  3.3569 35.2202 31.4504 10.1067 5.29499 6.27098 2.44152 1.84041 1.68689 1.3158 0.387248 0.205998 0.146396 0.0733478 0.101589 0.0273592 0.0185376 0.0151603 0.00712819 0.0144942 0.00385145 0.0040265 0.00352286 0.00280839 0.00381731
 50 1 2 0 0 1 -1 -1 100  12.5005 15.5762 29.9716 21.4807 6.90107 3.61568 4.28207 1.66736 1.25693 1.1521 0.898728 0.264725 0.14097 0.100275 0.0503982 0.0696809 0.0189977 0.0129744 0.0106684 0.00518419 0.0102137 0.00294687 0.0030664 0.00272252 0.00415853
 51 1 2 0 0 1 -1 -1 100  4.87793 47.7564 10.0644 15.543 11.1366 3.57814 1.87492 2.2204 0.864874 0.6521 0.597755 0.4664 0.13772 0.0735631 0.0524658 0.0266089 0.0366055 0.0103303 0.00720767 0.0060122 0.00316906 0.00577647 0.00200919 0.00207115 0.00353049
 52 1 2 0 0 1 -1 -1 100  4.29189 23.9216 39.97 6.761 10.4381 7.47897 2.40319 1.25941 1.49141 0.581124 0.438238 0.401744 0.313534 0.0928128 0.0497288 0.0355612 0.0181973 0.0249104 0.00726557 0.00516862 0.00436582 0.00245654 0.00420753 0.00167763 0.00341878
 53 1 2 0 0 1 -1 -1 100  5.65543 22.0849 21.2001 28.4303 4.80788 7.42255 5.31838 1.70913 0.895824 1.06079 0.41351 0.311908 0.285958 0.223234 0.0662855 0.0356497 0.0255755 0.0132285 0.018002 0.00545522 0.00396414 0.00339329 0.00203564 0.00328074 0.00320193
 54 1 2 0 0 1 -1 -1 100  5.81401 27.4946 18.3935 14.1713 18.9988 3.21316 4.96039 3.5543 1.14245 0.598959 0.709196 0.276656 0.208762 0.191421 0.149506 0.0446264 0.0241543 0.0174223 0.00917152 0.0123614 0.0039771 0.00298069 0.00259923 0.00169198 0.00399565
 55 1 2 0 0 1 -1 -1 100  6.64622 27.4986 22.349 12 9.24282 12.3912 2.09595 3.23548 2.31844 0.745442 0.390984 0.46288 0.180781 0.1365 0.125191 0.0978543 0.0294528 0.016101 0.0117104 0.00632933 0.00840978 0.00294157 0.00229172 0.00204293 0.00340517
 56 1 2 0 0 1 -1 -1 100  9.67186 29.1255 20.9448 13.6625 7.33394 5.64892 7.57298 1.28128 1.97767 1.41724 0.455947 0.239329 0.283266 0.110868 0.0838076 0.076896 0.0601901 0.0183881 0.0102285 0.00754535 0.00425681 0.00552824 0.00218645 0.00178931 0.00310732
 57 1 2 0 0 1 -1 -1 100  4.93342 40.0802 20.4667 11.813 7.70362 4.13544 3.1854 4.27022 0.722842 1.11548 0.799503 0.257507 0.135374 0.160146 0.0629456 0.0476883 0.0437914 0.0343724 0.0108037 0.00620312 0.00469029 0.00283615 0.00355301 0.00166884 0.00263324
 58 1 2 0 0 1 -1 -1 100  2.8844 24.9644 34.3403 14.0744 8.12121 5.29618 2.84323 2.19012 2.93588 0.497231 0.767153 0.549931 0.177336 0.0933753 0.110405 0.0435845 0.0330959 0.030417 0.0239419 0.00773948 0.00457683 0.00353684 0.0022622 0.00275501 0.00258269
 59 1 2 0 0 1 -1 -1 100  8.26648 15.0003 23.116 25.5209 10.4569 6.03391 3.93506 2.11263 1.62741 2.18147 0.369675 0.570213 0.408828 0.132008 0.0696301 0.0822826 0.0326381 0.0248456 0.0228553 0.0180447 0.00600706 0.00365736 0.0028847 0.0019377 0.00347992
 60 1 2 0 0 1 -1 -1 100  10.3677 34.4444 10.8095 13.3696 14.7562 6.04639 3.48912 2.2756 1.22191 0.941356 1.2617 0.21416 0.330107 0.236798 0.0767464 0.0406805 0.0479959 0.0192925 0.014787 0.0136363 0.0108548 0.0038949 0.00253634 0.0020896 0.00297608
 61 1 2 0 0 1 -1 -1 100  16.1592 35.8495 20.9923 5.28785 6.53822 7.21623 2.95717 1.70667 1.11327 0.598017 0.460829 0.617478 0.105234 0.161932 0.116304 0.0380395 0.0204034 0.0239807 0.00994483 0.00774167 0.00717898 0.00581887 0.00241548 0.00175114 0.00249913
 62 1 2 0 0 1 -1 -1 100  4.23312 53.9213 20.1684 9.47905 2.38743 2.95182 3.25787 1.33538 0.770919 0.503063 0.270486 0.208561 0.27927 0.0480498 0.0736423 0.0530466 0.017719 0.00975835 0.0113731 0.00503746 0.00404298 0.003789 0.00317506 0.0016388 0.00201574
 63 1 2 0 0 1 -1 -1 100  9.29855 19.4889 43.8794 13.1729 6.18955 1.55918 1.92769 2.12751 0.872257 0.503704 0.328813 0.176955 0.136523 0.182691 0.0317202 0.0484304 0.0349828 0.0119163 0.00671853 0.00777286 0.00363611 0.00298679 0.00282095 0.00242009 0.0020804
 64 1 2 0 0 1 -1 -1 100  4.97487 39.6315 14.0846 25.4515 7.63878 3.58945 0.904514 1.11819 1.23406 0.5062 0.292494 0.191083 0.103028 0.0795831 0.106354 0.0188131 0.0285026 0.0207049 0.00732977 0.00431581 0.00492717 0.00252846 0.00215195 0.00205579 0.00244998
 65 1 2 0 0 1 -1 -1 100  7.48471 23.5309 32.5127 9.27404 16.7535 5.02845 2.36304 0.595724 0.736376 0.812645 0.33354 0.192871 0.126119 0.0681582 0.052726 0.0703474 0.0127251 0.0191031 0.0139704 0.0051664 0.00318251 0.00358493 0.00200601 0.00175817 0.0026495
 66 1 2 0 0 1 -1 -1 100  7.74519 32.8087 17.7292 19.661 5.60682 10.1283 3.04023 1.42892 0.360526 0.445554 0.49166 0.202029 0.116991 0.0766374 0.0415988 0.0322696 0.0429223 0.00808805 0.0119437 0.00884089 0.00351861 0.00231929 0.00256257 0.00160807 0.00245558
 67 1 2 0 0 1 -1 -1 100  3.10237 35.181 25.1471 10.9068 12.0917 3.44849 6.22915 1.87008 0.879146 0.222103 0.274393 0.302748 0.124629 0.0723324 0.0475157 0.0259675 0.0202302 0.0267815 0.00535895 0.00773013 0.00582195 0.00254882 0.00181125 0.00196087 0.00226919
 68 1 2 0 0 1 -1 -1 100  11.0773 14.8844 30.748 17.6401 7.6488 8.47967 2.41858 4.36853 1.3117 0.616805 0.156049 0.192719 0.212602 0.0876957 0.0510222 0.0336193 0.0185086 0.0144853 0.0190794 0.00405668 0.0057195 0.00438137 0.00208606 0.00156883 0.00256398
 69 1 2 0 0 1 -1 -1 100  5.74528 44.0797 10.0502 16.6631 9.55703 4.1442 4.59432 1.31072 2.36711 0.711073 0.334612 0.0849979 0.104863 0.115635 0.0479673 0.0280994 0.0186714 0.0104852 0.00830555 0.0107944 0.00265585 0.00355669 0.00283176 0.00158826 0.00215549
 70 1 2 0 0 1 -1 -1 100  6.39385 26.5751 35.0293 6.41043 10.6251 6.0941 2.64278 2.92978 0.836102 1.50967 0.453754 0.213717 0.0545584 0.0672249 0.0740933 0.030947 0.018279 0.0122675 0.00704783 0.00565807 0.00724504 0.00205572 0.00263011 0.00216788 0.00211194
 71 1 2 0 0 1 -1 -1 100  11.0717 27.7778 20.2184 21.3897 3.91353 6.4863 3.72041 1.61362 1.78882 0.510772 0.92194 0.277375 0.130849 0.0336935 0.0414256 0.0456183 0.0192805 0.0115475 0.00787797 0.0046917 0.00384335 0.00481209 0.00164435 0.00199498 0.00239175
 72 1 2 0 0 1 -1 -1 100  6.75657 42.7294 18.2558 10.6649 11.2795 2.06411 3.42075 1.96228 0.851348 0.943731 0.269806 0.486618 0.146734 0.06947 0.0182394 0.0223166 0.0245275 0.0106394 0.0065617 0.0046267 0.00294655 0.00249921 0.00301005 0.00133966 0.00225858
 73 1 2 0 0 1 -1 -1 100  3.00079 31.4807 33.6189 11.5283 6.733 7.12093 1.30341 2.15983 1.23912 0.53781 0.596129 0.170693 0.307562 0.0929995 0.0442238 0.0118829 0.0144567 0.0158524 0.00708508 0.00451093 0.0032894 0.00222874 0.00194634 0.00226883 0.00200903
 74 1 2 0 0 1 -1 -1 100  11.6127 14.3924 27.7097 23.7506 8.14219 4.75546 5.02943 0.92082 1.52567 0.875418 0.38012 0.421308 0.120845 0.217508 0.0659742 0.0315266 0.00868592 0.0105037 0.0114894 0.00529751 0.00347952 0.00261681 0.00186773 0.00166828 0.00260886
 75 1 2 0 0 1 -1 -1 100  4.11373 46.2652 9.67944 14.957 12.8163 4.39398 2.5665 2.71434 0.497334 0.823709 0.472835 0.205572 0.227797 0.0656679 0.117827 0.0360599 0.017472 0.00514721 0.00612809 0.00665999 0.00331883 0.00233784 0.00187232 0.00146812 0.00222879
 76 1 2 0 0 1 -1 -1 100  8.92668 19.4199 38.5072 6.46632 9.98891 8.55926 2.93469 1.71428 1.813 0.332459 0.550416 0.316097 0.137616 0.152458 0.044186 0.0790189 0.0244134 0.0120002 0.00376948 0.00442454 0.00477976 0.00254847 0.00189335 0.00158247 0.00213332
 77 1 2 0 0 1 -1 -1 100  7.75094 37.2545 13.8822 22.0929 3.70921 5.72959 4.90961 1.68362 0.983653 1.04028 0.191108 0.316118 0.181724 0.0793562 0.0878689 0.0257693 0.0457478 0.0144287 0.00730908 0.00258834 0.00296405 0.00316779 0.00188803 0.00151228 0.00198415
 78 1 2 0 0 1 -1 -1 100  4.65986 34.2578 27.9578 8.36175 13.3032 2.23383 3.45035 2.95662 1.01416 0.592684 0.626779 0.11547 0.190742 0.109819 0.0481805 0.0533062 0.0159142 0.0279439 0.00908574 0.00479879 0.00195629 0.00218252 0.0023052 0.00153462 0.00190112
 79 1 2 0 0 1 -1 -1 100  5.94433 23.0738 29.1983 19.1252 5.7186 9.09784 1.52794 2.35987 2.02222 0.693856 0.405627 0.428943 0.0792808 0.130756 0.0754168 0.0332646 0.0367699 0.0111991 0.0194258 0.00652944 0.00359777 0.00165389 0.00180861 0.0018925 0.00198195
 80 1 2 0 0 1 -1 -1 100  11.2045 26.3919 17.9889 18.2703 11.9639 3.57755 5.69138 0.956149 1.47655 1.26534 0.434404 0.254108 0.268692 0.0499671 0.0821665 0.0475501 0.0211825 0.0233752 0.00737983 0.0125259 0.00445877 0.00262491 0.00140894 0.00150572 0.00217262
 81 1 2 0 0 1 -1 -1 100  8.74074 42.073 16.9731 9.2855 9.42801 6.17384 1.8465 2.93723 0.493857 0.762383 0.653399 0.224636 0.131603 0.139129 0.0262669 0.0428818 0.0250197 0.0114141 0.0125455 0.00429188 0.00694726 0.00278462 0.00183834 0.0012109 0.00186605
 82 1 2 0 0 1 -1 -1 100  5.54328 36.5092 29.8945 9.67971 5.29415 5.37537 3.52016 1.05313 1.67496 0.281979 0.435067 0.372935 0.128495 0.0754571 0.0797477 0.0154046 0.0248769 0.0146936 0.006937 0.00758206 0.00287661 0.00439047 0.00201732 0.00147784 0.00161402
 83 1 2 0 0 1 -1 -1 100  6.20495 26.2513 29.7034 19.5209 6.31917 3.45631 3.50933 2.29826 0.687814 1.09374 0.184419 0.284353 0.243794 0.0842273 0.0496046 0.0524054 0.0104031 0.0165865 0.00993897 0.00487553 0.00529662 0.00222495 0.00321319 0.00166401 0.00171284
 84 1 2 0 0 1 -1 -1 100  7.35115 28.6547 20.8787 18.961 12.4576 4.03289 2.20598 2.23981 1.46698 0.439285 0.698321 0.118047 0.181819 0.155937 0.0541107 0.0320165 0.0338039 0.00700042 0.0109463 0.00670426 0.00347306 0.00374178 0.00178161 0.00241225 0.00187871
 85 1 2 0 0 1 -1 -1 100  7.00065 32.4568 21.6809 12.6792 11.5113 7.56315 2.44869 1.3396 1.36014 0.89097 0.267075 0.424331 0.0720572 0.110772 0.0950592 0.0332424 0.0198295 0.0209146 0.00464266 0.00703815 0.00446287 0.00250126 0.0026644 0.00147441 0.00239088
 86 1 2 0 0 1 -1 -1 100  8.53185 30.4938 24.4177 13.0913 7.65388 6.94888 4.56567 1.47848 0.809007 0.821405 0.538203 0.161608 0.256531 0.0438914 0.0672603 0.0577759 0.0204621 0.0123658 0.0130208 0.00319869 0.00464466 0.00309018 0.0019061 0.00200458 0.002126
 87 1 2 0 0 1 -1 -1 100  6.3474 36.1847 22.0611 14.1784 7.5996 4.44328 4.03405 2.65066 0.858632 0.470025 0.477221 0.312831 0.094228 0.149328 0.0258971 0.0394621 0.0339567 0.0122971 0.00759742 0.00797763 0.00227618 0.00311553 0.00221319 0.00152587 0.0022368
 88 1 2 0 0 1 -1 -1 100  6.81669 28.8618 28.2769 13.837 8.8904 4.76539 2.78635 2.52975 1.66236 0.538743 0.295082 0.299595 0.19652 0.0594546 0.0940028 0.0166106 0.025116 0.0216641 0.0080833 0.00513656 0.00537496 0.00180009 0.00232638 0.0017606 0.0021053
 89 1 2 0 0 1 -1 -1 100  4.3543 31.8422 22.8794 17.9911 8.80136 5.65506 3.03137 1.77261 1.6094 1.0577 0.343028 0.188049 0.190919 0.125359 0.0381796 0.0601538 0.010929 0.0163388 0.0141432 0.00550522 0.00363096 0.0037826 0.0015088 0.00184355 0.00218688
 90 1 2 0 0 1 -1 -1 100  11.7414 19.991 26.1748 15.0949 11.8664 5.80527 3.73013 1.99967 1.16946 1.06182 0.697944 0.226584 0.124368 0.126261 0.0830209 0.0255217 0.0400148 0.00754856 0.0111166 0.00966854 0.00397134 0.00273517 0.00283519 0.0013355 0.00233928
 91 1 2 0 0 1 -1 -1 100  4.0004 46.2699 13.2932 13.9695 8.05403 6.3315 3.09773 1.99058 1.06734 0.624404 0.566973 0.372837 0.121355 0.0668198 0.0678297 0.0447602 0.0140828 0.0218153 0.00449372 0.00639738 0.00562479 0.00258518 0.00192565 0.00197902 0.00189357
 92 1 2 0 0 1 -1 -1 100  10.4597 18.4829 38.1496 8.797 9.24184 5.32844 4.18891 2.04962 1.3172 0.706434 0.413409 0.375416 0.246986 0.0806197 0.0445426 0.0452107 0.0299492 0.00965481 0.0147702 0.00331117 0.00457054 0.00405944 0.00204859 0.00161228 0.0022389
 93 1 2 0 0 1 -1 -1 100  8.30414 41.0203 12.4027 20.5462 4.73678 4.97625 2.86928 2.25576 1.10397 0.709638 0.380804 0.22304 0.202585 0.133438 0.043867 0.0244431 0.0248028 0.0165861 0.00565963 0.00841375 0.00224422 0.00292227 0.0026471 0.00156445 0.00199671
 94 1 2 0 0 1 -1 -1 100  9.13558 33.6837 28.711 6.96764 11.5389 2.66054 2.79502 1.61178 1.26724 0.620412 0.398959 0.214291 0.125694 0.114206 0.075375 0.0250733 0.0141652 0.0143672 0.00975281 0.00361667 0.00516335 0.00169863 0.00207941 0.00192488 0.00187677
 95 1 2 0 0 1 -1 -1 100  5.64676 38.0212 23.8429 16.3114 3.95767 6.55388 1.51146 1.58784 0.915831 0.720149 0.35279 0.227018 0.122137 0.0718186 0.0652945 0.0432406 0.0146721 0.00847696 0.0085917 0.005971 0.00248602 0.00336445 0.00139668 0.00161294 0.00202329
 96 1 2 0 0 1 -1 -1 100  3.97011 27.407 31.347 15.7774 10.7906 2.61839 4.33581 1.00019 1.05072 0.606171 0.476725 0.233713 0.150513 0.0811333 0.0478473 0.0435315 0.0289426 0.0100442 0.00594602 0.00602194 0.00428831 0.00198294 0.00256404 0.00126232 0.00208249
 97 1 2 0 0 1 -1 -1 100  10.9788 18.8771 23.3074 21.3959 10.7659 7.36316 1.78694 2.9588 0.682784 0.71726 0.413931 0.325605 0.159789 0.103018 0.0556779 0.0329655 0.0300208 0.0200662 0.00717113 0.00437479 0.00442659 0.00324367 0.00167062 0.00206714 0.00191773
 98 1 2 0 0 1 -1 -1 100  6.07186 43.4222 12.6823 12.5678 11.5337 5.80368 3.96948 0.96369 1.59537 0.368507 0.387091 0.223585 0.175974 0.0865928 0.0559915 0.0304733 0.0182305 0.0166432 0.0112773 0.00432637 0.00281903 0.00284696 0.00220932 0.00136138 0.00206995
 99 1 2 0 0 1 -1 -1 100  7.19414 27.447 33.8026 7.92413 7.8503 7.20439 3.62538 2.47973 0.602301 0.996849 0.230547 0.242154 0.140027 0.110289 0.0544615 0.0353479 0.0194091 0.0117622 0.0107707 0.00741919 0.00307758 0.00213609 0.00215354 0.00175526 0.0018941
 100 1 2 0 0 1 -1 -1 100  12.3445 29.7234 19.8987 19.669 4.60986 4.56689 4.19117 2.10928 1.44286 0.350773 0.580279 0.134526 0.141277 0.0818712 0.0645728 0.0320981 0.0209799 0.0117084 0.00726021 0.0066835 0.00473392 0.00220842 0.00166076 0.00167091 0.00195948

0 #_N_MeanSize-at-Age_obs
#Yr Seas Flt/Svy Gender Part Ageerr Ignore datavector(female-male)
#                                          samplesize(female-male)

0 #_N_environ_variables
0 #_N_environ_obs
0 # N sizefreq methods to read 

0 # do tags (0/1)

0 # no morphcomp data 

999

